image=images/avatar/LPC_female_diagonal_walkcycle.png

#render_size=32,64
#render_offset=16,48

[stance]
frames=2
duration=400ms
type=looped
frame=0,N,0,0,64,64,47,70
frame=1,N,0,0,64,64,47,70

frame=0,NW,0,64,64,64,47,70
frame=1,NW,0,64,64,64,47,70

frame=0,W,0,128,64,64,47,70
frame=1,W,0,128,64,64,47,70

frame=0,SW,0,192,64,64,47,70
frame=1,SW,0,192,64,64,47,70

frame=0,S,0,256,64,64,47,70
frame=1,S,0,256,64,64,47,70

frame=0,SE,0,320,64,64,47,70
frame=1,SE,0,320,64,64,47,70

frame=0,E,0,384,64,64,47,70
frame=1,E,0,384,64,64,47,70

frame=0,NE,0,448,64,64,47,70
frame=1,NE,0,448,64,64,47,70

[run]
frames=8
duration=600ms
type=looped
frame=0,N,64,0,64,64,47,70
frame=1,N,128,0,64,64,47,70
frame=2,N,192,0,64,64,47,70
frame=3,N,256,0,64,64,47,70
frame=4,N,320,0,64,64,47,70
frame=5,N,384,0,64,64,47,70
frame=6,N,448,0,64,64,47,70
frame=7,N,512,0,64,64,47,70

frame=0,NW,64,64,64,64,47,70
frame=1,NW,128,64,64,64,47,70
frame=2,NW,192,64,64,64,47,70
frame=3,NW,256,64,64,64,47,70
frame=4,NW,320,64,64,64,47,70
frame=5,NW,384,64,64,64,47,70
frame=6,NW,448,64,64,64,47,70
frame=7,NW,512,64,64,64,47,70

frame=0,W,64,128,64,64,47,70
frame=1,W,128,128,64,64,47,70
frame=2,W,192,128,64,64,47,70
frame=3,W,256,128,64,64,47,70
frame=4,W,320,128,64,64,47,70
frame=5,W,384,128,64,64,47,70
frame=6,W,448,128,64,64,47,70
frame=7,W,512,128,64,64,47,70

frame=0,SW,64,192,64,64,47,70
frame=1,SW,128,192,64,64,47,70
frame=2,SW,192,192,64,64,47,70
frame=3,SW,256,192,64,64,47,70
frame=4,SW,320,192,64,64,47,70
frame=5,SW,384,192,64,64,47,70
frame=6,SW,448,192,64,64,47,70
frame=7,SW,512,192,64,64,47,70

frame=0,S,64,256,64,64,47,70
frame=1,S,128,256,64,64,47,70
frame=2,S,192,256,64,64,47,70
frame=3,S,256,256,64,64,47,70
frame=4,S,320,256,64,64,47,70
frame=5,S,384,256,64,64,47,70
frame=6,S,448,256,64,64,47,70
frame=7,S,512,256,64,64,47,70

frame=0,SE,64,320,64,64,47,70
frame=1,SE,128,320,64,64,47,70
frame=2,SE,192,320,64,64,47,70
frame=3,SE,256,320,64,64,47,70
frame=4,SE,320,320,64,64,47,70
frame=5,SE,384,320,64,64,47,70
frame=6,SE,448,320,64,64,47,70
frame=7,SE,512,320,64,64,47,70

frame=0,E,64,384,64,64,47,70
frame=1,E,128,384,64,64,47,70
frame=2,E,192,384,64,64,47,70
frame=3,E,256,384,64,64,47,70
frame=4,E,320,384,64,64,47,70
frame=5,E,384,384,64,64,47,70
frame=6,E,448,384,64,64,47,70
frame=7,E,512,384,64,64,47,70

frame=0,NE,64,448,64,64,47,70
frame=1,NE,128,448,64,64,47,70
frame=2,NE,192,448,64,64,47,70
frame=3,NE,256,448,64,64,47,70
frame=4,NE,320,448,64,64,47,70
frame=5,NE,384,448,64,64,47,70
frame=6,NE,448,448,64,64,47,70
frame=7,NE,512,448,64,64,47,70

#[hit]
#frames=1
#duration=33ms
#type=back_forth

[die]
frames=1
duration=33ms
type=looped
frame=0,0,0,0,0,0,0,0
frame=0,1,0,0,0,0,0,0
frame=0,2,0,0,0,0,0,0
frame=0,3,0,0,0,0,0,0
frame=0,4,0,0,0,0,0,0
frame=0,5,0,0,0,0,0,0
frame=0,6,0,0,0,0,0,0
frame=0,7,0,0,0,0,0,0

#[swing]
#frames=1
#duration=33ms
#type=play_once

