image=images/animals/fishes.png

[stance]
frames=3
duration=400ms
type=looped
frame=0,SW,192,160,32,32,30,35
frame=1,SW,224,160,32,32,30,35
frame=2,SW,256,160,32,32,30,35
frame=0,W,192,160,32,32,30,35
frame=1,W,224,160,32,32,30,35
frame=2,W,256,160,32,32,30,35
frame=0,NW,192,160,32,32,30,35
frame=1,NW,224,160,32,32,30,35
frame=2,NW,256,160,32,32,30,35
frame=0,N,192,224,32,32,30,35
frame=1,N,224,224,32,32,30,35
frame=2,N,256,224,32,32,30,35
frame=0,NE,192,192,32,32,30,35
frame=1,NE,224,192,32,32,30,35
frame=2,NE,256,192,32,32,30,35
frame=0,E,192,192,32,32,30,35
frame=1,E,224,192,32,32,30,35
frame=2,E,256,192,32,32,30,35
frame=0,SE,192,192,32,32,30,35
frame=1,SE,224,192,32,32,30,35
frame=2,SE,256,192,32,32,30,35
frame=0,S,192,128,32,32,30,35
frame=1,S,224,128,32,32,30,35
frame=2,S,256,128,32,32,30,35

[run]
frames=3
duration=400ms
type=looped
frame=0,SW,192,160,32,32,30,35
frame=1,SW,224,160,32,32,30,35
frame=2,SW,256,160,32,32,30,35
frame=0,W,192,160,32,32,30,35
frame=1,W,224,160,32,32,30,35
frame=2,W,256,160,32,32,30,35
frame=0,NW,192,160,32,32,30,35
frame=1,NW,224,160,32,32,30,35
frame=2,NW,256,160,32,32,30,35
frame=0,N,192,224,32,32,30,35
frame=1,N,224,224,32,32,30,35
frame=2,N,256,224,32,32,30,35
frame=0,NE,192,192,32,32,30,35
frame=1,NE,224,192,32,32,30,35
frame=2,NE,256,192,32,32,30,35
frame=0,E,192,192,32,32,30,35
frame=1,E,224,192,32,32,30,35
frame=2,E,256,192,32,32,30,35
frame=0,SE,192,192,32,32,30,35
frame=1,SE,224,192,32,32,30,35
frame=2,SE,256,192,32,32,30,35
frame=0,S,192,128,32,32,30,35
frame=1,S,224,128,32,32,30,35
frame=2,S,256,128,32,32,30,35

[die]
frames=1
duration=33ms
type=looped
frame=0,0,0,0,0,0,0,0
frame=0,1,0,0,0,0,0,0
frame=0,2,0,0,0,0,0,0
frame=0,3,0,0,0,0,0,0
frame=0,4,0,0,0,0,0,0
frame=0,5,0,0,0,0,0,0
frame=0,6,0,0,0,0,0,0
frame=0,7,0,0,0,0,0,0
