image=images/animals/fishes.png

[stance]
frames=3
duration=400ms
type=looped
frame=0,SW,288,32,32,32,30,35
frame=1,SW,320,32,32,32,30,35
frame=2,SW,352,32,32,32,30,35
frame=0,W,288,32,32,32,30,35
frame=1,W,320,32,32,32,30,35
frame=2,W,352,32,32,32,30,35
frame=0,NW,288,32,32,32,30,35
frame=1,NW,320,32,32,32,30,35
frame=2,NW,352,32,32,32,30,35
frame=0,N,288,96,32,32,30,35
frame=1,N,320,96,32,32,30,35
frame=2,N,352,96,32,32,30,35
frame=0,NE,288,64,32,32,30,35
frame=1,NE,320,64,32,32,30,35
frame=2,NE,352,64,32,32,30,35
frame=0,E,288,64,32,32,30,35
frame=1,E,320,64,32,32,30,35
frame=2,E,352,64,32,32,30,35
frame=0,SE,288,64,32,32,30,35
frame=1,SE,320,64,32,32,30,35
frame=2,SE,352,64,32,32,30,35
frame=0,S,288,0,32,32,30,35
frame=1,S,320,0,32,32,30,35
frame=2,S,352,0,32,32,30,35

[run]
frames=3
duration=400ms
type=looped
frame=0,SW,288,32,32,32,30,35
frame=1,SW,320,32,32,32,30,35
frame=2,SW,352,32,32,32,30,35
frame=0,W,288,32,32,32,30,35
frame=1,W,320,32,32,32,30,35
frame=2,W,352,32,32,32,30,35
frame=0,NW,288,32,32,32,30,35
frame=1,NW,320,32,32,32,30,35
frame=2,NW,352,32,32,32,30,35
frame=0,N,288,96,32,32,30,35
frame=1,N,320,96,32,32,30,35
frame=2,N,352,96,32,32,30,35
frame=0,NE,288,64,32,32,30,35
frame=1,NE,320,64,32,32,30,35
frame=2,NE,352,64,32,32,30,35
frame=0,E,288,64,32,32,30,35
frame=1,E,320,64,32,32,30,35
frame=2,E,352,64,32,32,30,35
frame=0,SE,288,64,32,32,30,35
frame=1,SE,320,64,32,32,30,35
frame=2,SE,352,64,32,32,30,35
frame=0,S,288,0,32,32,30,35
frame=1,S,320,0,32,32,30,35
frame=2,S,352,0,32,32,30,35

[die]
frames=1
duration=33ms
type=looped
frame=0,0,0,0,0,0,0,0
frame=0,1,0,0,0,0,0,0
frame=0,2,0,0,0,0,0,0
frame=0,3,0,0,0,0,0,0
frame=0,4,0,0,0,0,0,0
frame=0,5,0,0,0,0,0,0
frame=0,6,0,0,0,0,0,0
frame=0,7,0,0,0,0,0,0
