image=images/animals/fishes.png

[stance]
frames=3
duration=400ms
type=looped
frame=0,SW,0,32,32,32,30,35
frame=1,SW,32,32,32,32,30,35
frame=2,SW,64,32,32,32,30,35
frame=0,W,0,32,32,32,30,35
frame=1,W,32,32,32,32,30,35
frame=2,W,64,32,32,32,30,35
frame=0,NW,0,32,32,32,30,35
frame=1,NW,32,32,32,32,30,35
frame=2,NW,64,32,32,32,30,35
frame=0,N,0,96,32,32,30,35
frame=1,N,32,96,32,32,30,35
frame=2,N,64,96,32,32,30,35
frame=0,NE,0,64,32,32,30,35
frame=1,NE,32,64,32,32,30,35
frame=2,NE,64,64,32,32,30,35
frame=0,E,0,64,32,32,30,35
frame=1,E,32,64,32,32,30,35
frame=2,E,64,64,32,32,30,35
frame=0,SE,0,64,32,32,30,35
frame=1,SE,32,64,32,32,30,35
frame=2,SE,64,64,32,32,30,35
frame=0,S,0,0,32,32,30,35
frame=1,S,32,0,32,32,30,35
frame=2,S,64,0,32,32,30,35

[run]
frames=3
duration=400ms
type=looped
frame=0,SW,0,32,32,32,30,35
frame=1,SW,32,32,32,32,30,35
frame=2,SW,64,32,32,32,30,35
frame=0,W,0,32,32,32,30,35
frame=1,W,32,32,32,32,30,35
frame=2,W,64,32,32,32,30,35
frame=0,NW,0,32,32,32,30,35
frame=1,NW,32,32,32,32,30,35
frame=2,NW,64,32,32,32,30,35
frame=0,N,0,96,32,32,30,35
frame=1,N,32,96,32,32,30,35
frame=2,N,64,96,32,32,30,35
frame=0,NE,0,64,32,32,30,35
frame=1,NE,32,64,32,32,30,35
frame=2,NE,64,64,32,32,30,35
frame=0,E,0,64,32,32,30,35
frame=1,E,32,64,32,32,30,35
frame=2,E,64,64,32,32,30,35
frame=0,SE,0,64,32,32,30,35
frame=1,SE,32,64,32,32,30,35
frame=2,SE,64,64,32,32,30,35
frame=0,S,0,0,32,32,30,35
frame=1,S,32,0,32,32,30,35
frame=2,S,64,0,32,32,30,35

[die]
frames=1
duration=33ms
type=looped
frame=0,0,0,0,0,0,0,0
frame=0,1,0,0,0,0,0,0
frame=0,2,0,0,0,0,0,0
frame=0,3,0,0,0,0,0,0
frame=0,4,0,0,0,0,0,0
frame=0,5,0,0,0,0,0,0
frame=0,6,0,0,0,0,0,0
frame=0,7,0,0,0,0,0,0
