image=images/animals/fishes.png

[stance]
frames=3
duration=400ms
type=looped
frame=0,SW,0,160,32,32,30,35
frame=1,SW,32,160,32,32,30,35
frame=2,SW,64,160,32,32,30,35
frame=0,W,0,160,32,32,30,35
frame=1,W,32,160,32,32,30,35
frame=2,W,64,160,32,32,30,35
frame=0,NW,0,160,32,32,30,35
frame=1,NW,32,160,32,32,30,35
frame=2,NW,64,160,32,32,30,35
frame=0,N,0,224,32,32,30,35
frame=1,N,32,224,32,32,30,35
frame=2,N,64,224,32,32,30,35
frame=0,NE,0,192,32,32,30,35
frame=1,NE,32,192,32,32,30,35
frame=2,NE,64,192,32,32,30,35
frame=0,E,0,192,32,32,30,35
frame=1,E,32,192,32,32,30,35
frame=2,E,64,192,32,32,30,35
frame=0,SE,0,192,32,32,30,35
frame=1,SE,32,192,32,32,30,35
frame=2,SE,64,192,32,32,30,35
frame=0,S,0,128,32,32,30,35
frame=1,S,32,128,32,32,30,35
frame=2,S,64,128,32,32,30,35

[run]
frames=3
duration=400ms
type=looped
frame=0,SW,0,160,32,32,30,35
frame=1,SW,32,160,32,32,30,35
frame=2,SW,64,160,32,32,30,35
frame=0,W,0,160,32,32,30,35
frame=1,W,32,160,32,32,30,35
frame=2,W,64,160,32,32,30,35
frame=0,NW,0,160,32,32,30,35
frame=1,NW,32,160,32,32,30,35
frame=2,NW,64,160,32,32,30,35
frame=0,N,0,224,32,32,30,35
frame=1,N,32,224,32,32,30,35
frame=2,N,64,224,32,32,30,35
frame=0,NE,0,192,32,32,30,35
frame=1,NE,32,192,32,32,30,35
frame=2,NE,64,192,32,32,30,35
frame=0,E,0,192,32,32,30,35
frame=1,E,32,192,32,32,30,35
frame=2,E,64,192,32,32,30,35
frame=0,SE,0,192,32,32,30,35
frame=1,SE,32,192,32,32,30,35
frame=2,SE,64,192,32,32,30,35
frame=0,S,0,128,32,32,30,35
frame=1,S,32,128,32,32,30,35
frame=2,S,64,128,32,32,30,35

[die]
frames=1
duration=33ms
type=looped
frame=0,0,0,0,0,0,0,0
frame=0,1,0,0,0,0,0,0
frame=0,2,0,0,0,0,0,0
frame=0,3,0,0,0,0,0,0
frame=0,4,0,0,0,0,0,0
frame=0,5,0,0,0,0,0,0
frame=0,6,0,0,0,0,0,0
frame=0,7,0,0,0,0,0,0
