image=images/animals/fishes.png

[stance]
frames=3
duration=400ms
type=looped
frame=0,SW,96,160,32,32,30,35
frame=1,SW,128,160,32,32,30,35
frame=2,SW,160,160,32,32,30,35
frame=0,W,96,160,32,32,30,35
frame=1,W,128,160,32,32,30,35
frame=2,W,160,160,32,32,30,35
frame=0,NW,96,160,32,32,30,35
frame=1,NW,128,160,32,32,30,35
frame=2,NW,160,160,32,32,30,35
frame=0,N,96,224,32,32,30,35
frame=1,N,128,224,32,32,30,35
frame=2,N,160,224,32,32,30,35
frame=0,NE,96,192,32,32,30,35
frame=1,NE,128,192,32,32,30,35
frame=2,NE,160,192,32,32,30,35
frame=0,E,96,192,32,32,30,35
frame=1,E,128,192,32,32,30,35
frame=2,E,160,192,32,32,30,35
frame=0,SE,96,192,32,32,30,35
frame=1,SE,128,192,32,32,30,35
frame=2,SE,160,192,32,32,30,35
frame=0,S,96,128,32,32,30,35
frame=1,S,128,128,32,32,30,35
frame=2,S,160,128,32,32,30,35

[run]
frames=3
duration=400ms
type=looped
frame=0,SW,96,160,32,32,30,35
frame=1,SW,128,160,32,32,30,35
frame=2,SW,160,160,32,32,30,35
frame=0,W,96,160,32,32,30,35
frame=1,W,128,160,32,32,30,35
frame=2,W,160,160,32,32,30,35
frame=0,NW,96,160,32,32,30,35
frame=1,NW,128,160,32,32,30,35
frame=2,NW,160,160,32,32,30,35
frame=0,N,96,224,32,32,30,35
frame=1,N,128,224,32,32,30,35
frame=2,N,160,224,32,32,30,35
frame=0,NE,96,192,32,32,30,35
frame=1,NE,128,192,32,32,30,35
frame=2,NE,160,192,32,32,30,35
frame=0,E,96,192,32,32,30,35
frame=1,E,128,192,32,32,30,35
frame=2,E,160,192,32,32,30,35
frame=0,SE,96,192,32,32,30,35
frame=1,SE,128,192,32,32,30,35
frame=2,SE,160,192,32,32,30,35
frame=0,S,96,128,32,32,30,35
frame=1,S,128,128,32,32,30,35
frame=2,S,160,128,32,32,30,35

[die]
frames=1
duration=33ms
type=looped
frame=0,0,0,0,0,0,0,0
frame=0,1,0,0,0,0,0,0
frame=0,2,0,0,0,0,0,0
frame=0,3,0,0,0,0,0,0
frame=0,4,0,0,0,0,0,0
frame=0,5,0,0,0,0,0,0
frame=0,6,0,0,0,0,0,0
frame=0,7,0,0,0,0,0,0
