[header]
width=38
height=96
tilewidth=32
tileheight=32
orientation=orthogonal
background_color=0,0,0,255
music=music/Grasslands_Theme.mp3
tileset=tilesetdefs/spring-outdoor.txt

[tilesets]
tileset=../images/tilesheets/collision.png,32,32,0,0
tileset=../images/tilesheets/LPC-spring-outdoor.png,32,32,0,0

[layer]
type=background
data=
992,992,992,992,992,992,992,992,992,992,992,992,992,992,992,992,992,992,992,992,992,992,992,992,992,992,992,992,992,992,992,992,992,992,992,992,992,992,
992,992,992,992,992,992,992,992,992,992,992,992,992,992,992,992,992,992,992,992,992,992,992,992,992,992,992,992,992,992,992,992,992,992,992,992,992,992,
992,992,992,992,992,992,992,992,992,992,992,992,992,992,992,992,992,992,992,992,992,992,992,992,992,992,992,992,992,992,992,992,992,992,992,992,992,992,
992,992,992,992,992,992,992,992,992,992,992,992,992,992,992,992,992,992,992,992,992,992,992,992,992,992,992,992,992,992,992,992,992,992,992,992,992,992,
992,992,992,992,992,992,992,992,992,992,992,992,992,992,992,992,992,992,992,992,992,992,992,992,992,992,992,992,992,992,992,992,992,992,992,992,992,992,
992,992,992,992,992,992,992,992,992,992,992,992,992,992,992,992,992,992,992,992,992,992,992,992,992,992,992,992,992,992,992,992,992,992,992,992,992,992,
992,992,992,992,992,992,992,992,992,992,992,992,992,992,992,992,992,992,992,992,992,992,992,992,992,992,992,992,992,992,992,992,992,992,992,992,992,992,
992,992,992,992,992,992,992,992,992,992,992,992,992,992,992,992,992,992,992,992,992,992,992,992,992,992,992,992,992,992,992,992,992,992,992,992,992,992,
992,992,992,992,992,992,992,992,992,992,992,992,992,992,992,992,992,992,992,992,992,992,992,992,992,992,992,992,992,992,992,992,992,992,992,992,992,992,
992,992,992,992,992,992,992,992,992,992,992,992,992,992,992,992,992,992,992,992,992,992,992,992,992,992,992,992,992,992,992,992,992,992,992,992,992,992,
992,992,992,992,992,992,992,992,992,992,992,992,992,992,992,992,992,992,992,992,992,992,992,992,992,992,992,992,992,992,992,992,992,992,992,992,992,992,
992,992,992,992,992,992,992,992,992,992,992,992,992,992,992,992,992,992,992,992,992,992,992,992,992,992,992,992,992,992,992,992,992,992,992,992,992,992,
992,992,992,992,992,992,992,992,992,992,992,992,992,992,992,992,992,992,992,992,992,992,992,992,992,992,992,992,992,992,992,992,992,992,992,992,992,992,
992,992,992,992,992,992,992,992,992,992,992,992,992,992,992,992,992,992,992,992,992,992,992,992,992,992,992,992,992,992,992,992,992,992,992,992,992,992,
992,992,992,992,992,992,992,992,992,992,992,992,992,992,992,992,992,992,992,992,992,992,992,992,992,992,992,992,992,992,992,992,992,992,992,992,992,992,
992,992,992,992,992,992,992,992,992,992,992,992,992,992,992,992,992,992,992,992,992,992,992,992,992,992,992,992,992,992,992,992,992,992,992,992,992,992,
992,992,992,992,992,992,992,992,992,992,992,992,992,992,992,992,992,992,992,992,992,992,992,992,992,992,992,992,992,992,992,992,992,992,992,992,992,992,
992,992,992,992,992,992,992,992,992,992,992,992,992,992,992,992,992,992,992,992,992,992,992,992,992,992,992,992,992,992,992,992,992,992,992,992,992,992,
992,992,992,992,992,992,992,992,992,992,992,992,992,992,992,992,992,992,992,992,992,992,992,992,992,992,992,992,992,992,992,992,992,992,992,992,992,992,
992,992,992,992,992,992,992,992,992,992,992,992,992,992,992,992,992,992,992,992,992,992,992,992,992,992,992,992,992,992,992,992,992,992,992,992,992,992,
992,992,992,992,992,992,992,992,992,992,992,992,992,992,992,992,992,992,992,992,992,992,992,992,992,992,992,992,992,992,992,992,992,992,992,992,992,992,
992,992,992,992,992,992,992,992,992,992,992,992,992,992,992,992,992,992,992,992,992,992,992,992,992,992,992,992,992,992,992,992,992,992,992,992,992,992,
992,992,992,992,992,992,992,992,992,992,992,992,992,992,992,992,992,992,992,992,992,992,992,992,992,992,992,992,992,992,992,992,992,992,992,992,992,992,
992,992,992,992,992,992,992,992,992,992,992,992,992,992,992,992,992,992,992,992,992,992,992,992,992,992,992,992,992,992,992,992,992,992,992,992,992,992,
992,992,992,992,992,992,992,992,992,992,992,992,992,992,992,992,992,992,992,992,992,992,992,992,992,992,992,992,992,992,992,992,992,992,992,992,992,992,
992,992,992,992,992,992,992,992,992,992,992,992,992,992,992,992,992,992,992,992,992,992,992,992,992,992,992,992,992,992,992,992,992,992,992,992,992,992,
992,992,992,992,992,992,992,992,992,992,992,992,992,992,992,992,992,992,992,992,992,992,992,992,992,992,992,992,992,992,992,992,992,992,992,992,992,992,
992,992,992,992,992,992,992,992,992,992,992,992,992,992,992,992,992,992,992,992,992,992,992,992,992,992,992,992,992,992,992,992,992,992,992,992,992,992,
992,992,992,992,992,992,992,992,992,992,992,992,992,992,992,992,992,992,992,992,992,992,992,992,992,992,992,992,992,992,992,992,992,992,992,992,992,992,
992,992,992,992,992,992,992,992,992,992,992,992,992,992,992,992,992,992,992,992,992,992,992,992,992,992,992,992,992,992,992,992,992,992,992,992,992,992,
992,992,992,992,992,992,992,992,992,992,992,992,992,992,992,992,992,992,992,992,992,992,992,992,992,992,992,992,992,992,992,992,992,992,992,992,992,992,
992,992,992,992,992,992,992,992,992,992,992,992,992,992,992,992,992,992,992,992,992,992,992,992,992,992,992,992,992,992,992,992,992,992,992,992,992,992,
992,992,992,992,992,992,992,992,992,992,992,992,992,992,992,992,992,992,992,992,992,992,992,992,992,992,992,992,992,992,992,992,992,992,992,992,992,992,
992,992,992,992,992,992,992,992,992,992,992,992,992,992,992,992,992,992,992,992,992,992,992,992,992,992,992,992,992,992,992,992,992,992,992,992,992,992,
992,992,992,992,992,992,992,992,992,992,992,992,992,992,992,992,992,992,992,992,992,992,992,992,992,992,992,992,992,992,992,992,992,992,992,992,992,992,
992,992,992,992,992,992,992,992,992,992,992,992,992,992,992,992,992,992,992,992,992,992,992,992,992,992,992,992,992,992,992,992,992,992,992,992,992,992,
992,992,992,992,992,992,992,992,992,992,992,992,992,992,992,992,992,992,992,992,992,992,992,992,992,992,992,992,992,992,992,992,992,992,992,992,992,992,
992,992,992,992,992,992,992,992,992,992,992,992,992,992,992,992,992,992,992,992,992,992,992,992,992,992,992,992,992,992,992,992,992,992,992,992,992,992,
992,992,992,992,992,992,992,992,992,992,992,992,992,992,992,992,992,992,992,992,992,992,992,992,992,992,992,992,992,992,992,992,992,992,992,992,992,992,
992,992,992,992,992,992,992,992,992,992,992,992,992,992,992,992,992,992,992,992,992,992,992,992,992,992,992,992,992,992,992,992,992,992,992,992,992,992,
992,992,992,992,992,992,992,992,992,992,992,992,992,992,992,992,992,992,992,992,992,992,992,992,992,992,992,992,992,992,992,992,992,992,992,992,992,992,
992,992,992,992,992,992,992,992,992,992,992,992,992,992,992,992,992,992,992,992,992,992,992,992,992,992,992,992,992,992,992,992,992,992,992,992,992,992,
992,992,992,992,992,992,992,992,992,992,992,992,992,992,992,992,992,992,992,992,992,992,992,992,992,992,992,992,992,992,992,992,992,992,992,992,992,992,
992,992,992,992,992,992,992,992,992,992,992,992,992,992,992,992,992,992,992,992,992,992,992,992,992,992,992,992,992,992,992,992,992,992,992,992,992,992,
992,992,992,992,992,992,992,992,992,992,992,992,992,992,992,992,992,992,992,992,992,992,992,992,992,992,992,992,992,992,992,992,992,992,992,992,992,992,
992,992,992,992,992,992,992,992,992,992,992,992,992,992,992,992,992,992,992,992,992,992,992,992,992,992,992,992,992,992,992,992,992,992,992,992,992,992,
992,992,992,992,992,992,992,992,992,992,992,992,992,992,992,992,992,992,992,992,992,992,992,992,992,992,992,992,992,992,992,992,992,992,992,992,992,992,
992,992,992,992,992,992,992,992,992,992,992,992,992,992,992,992,992,992,992,992,992,992,992,992,992,992,992,992,992,992,992,992,992,992,992,992,992,992,
992,992,992,992,992,992,992,992,992,992,992,992,992,992,992,992,992,992,992,992,992,992,992,992,992,992,992,992,992,992,992,992,992,992,992,992,992,992,
992,992,992,992,992,992,992,992,992,992,992,992,992,992,992,992,992,992,992,992,992,992,992,992,992,992,992,992,992,992,992,992,992,992,992,992,992,992,
992,992,992,992,992,992,992,992,992,992,992,992,992,992,992,992,992,992,992,992,992,992,992,992,992,992,992,992,992,992,992,992,992,992,992,992,992,992,
992,992,992,992,992,992,992,992,992,992,992,992,992,992,992,992,992,992,992,992,992,992,992,992,992,992,992,992,992,992,992,992,992,992,992,992,992,992,
992,992,992,992,992,992,992,992,992,992,992,992,992,992,992,992,992,992,992,992,992,992,992,992,992,992,992,992,992,992,992,992,992,992,992,992,992,992,
992,992,992,992,992,992,992,992,992,992,992,992,992,992,992,992,992,992,992,992,992,992,992,992,992,992,992,992,992,992,992,992,992,992,992,992,992,992,
992,992,992,992,992,992,992,992,992,992,992,992,992,992,992,992,992,992,992,992,992,992,992,992,992,992,992,992,992,992,992,992,992,992,992,992,992,992,
992,992,992,992,992,992,992,992,992,992,992,992,992,992,992,992,992,992,992,992,992,992,992,992,992,992,992,992,992,992,992,992,992,992,992,992,992,992,
992,992,992,992,992,992,992,992,992,992,992,992,992,992,992,992,992,992,992,992,992,992,992,992,992,992,992,992,992,992,992,992,992,992,992,992,992,992,
992,992,992,992,992,992,992,992,992,992,992,992,992,992,992,992,992,992,992,992,992,992,992,992,992,992,992,992,992,992,992,992,992,992,992,992,992,992,
992,992,992,992,992,992,992,992,992,992,992,992,992,992,992,992,992,992,992,992,992,992,992,992,992,992,992,992,992,992,992,992,992,992,992,992,992,992,
992,992,992,992,992,992,992,992,992,992,992,992,992,992,992,992,992,992,992,992,992,992,992,992,992,992,992,992,992,992,992,992,992,992,992,992,992,992,
992,992,992,992,992,992,992,992,992,992,992,992,992,992,992,992,992,992,992,992,992,992,992,992,992,992,992,992,992,992,992,992,992,992,992,992,992,992,
992,992,992,992,992,992,992,992,992,992,992,992,992,992,992,992,992,992,992,992,992,992,992,992,992,992,992,992,992,992,992,992,992,992,992,992,992,992,
992,992,992,992,992,992,992,992,992,992,992,992,992,992,992,992,992,992,992,992,992,992,992,992,992,992,992,992,992,992,992,992,992,992,992,992,992,992,
992,992,992,992,992,992,992,992,992,992,992,992,992,992,992,992,992,992,992,992,992,992,992,992,992,992,992,992,992,992,992,992,992,992,992,992,992,992,
992,992,992,992,992,992,992,992,992,992,992,992,992,992,992,992,992,992,992,992,992,992,992,992,992,992,992,992,992,992,992,992,992,992,992,992,992,992,
992,992,992,992,992,992,992,992,992,992,992,992,992,992,992,992,992,992,992,992,992,992,992,992,992,992,992,992,992,992,992,992,992,992,992,992,992,992,
992,992,992,992,992,992,992,992,992,992,992,992,992,992,992,992,992,992,992,992,992,992,992,992,992,992,992,992,992,992,992,992,992,992,992,992,992,992,
992,992,992,992,992,992,992,992,992,992,992,992,992,992,992,992,992,992,992,992,992,992,992,992,992,992,992,992,992,992,992,992,992,992,992,992,992,992,
992,992,992,992,992,992,992,992,992,992,992,992,992,992,992,992,992,992,992,992,992,992,992,992,992,992,992,992,992,992,992,992,992,992,992,992,992,992,
992,992,992,992,992,992,992,992,992,992,992,992,992,992,992,992,992,992,992,992,992,992,992,992,992,992,992,992,992,992,992,992,992,992,992,992,992,992,
992,992,992,992,992,992,992,992,992,992,992,992,992,992,992,992,992,992,992,992,992,992,992,992,992,992,992,992,992,992,992,992,992,992,992,992,992,992,
992,992,992,992,992,992,992,992,992,992,992,992,992,992,992,992,992,992,992,992,992,992,992,992,992,992,992,992,992,992,992,992,992,992,992,992,992,992,
992,992,992,992,992,992,992,992,992,992,992,992,992,992,992,992,992,992,992,992,992,992,992,992,992,992,992,992,992,992,992,992,992,992,992,992,992,992,
992,992,992,992,992,992,992,992,992,992,992,992,992,992,992,992,992,992,992,992,992,992,992,992,992,992,992,992,992,992,992,992,992,992,992,992,992,992,
992,992,992,992,992,992,992,992,992,992,992,992,992,992,992,992,992,992,992,992,992,992,992,992,992,992,992,992,992,992,992,992,992,992,992,992,992,992,
992,992,992,992,992,992,992,992,992,992,992,992,992,992,992,992,992,992,992,992,992,992,992,992,992,992,992,992,992,992,992,992,992,992,992,992,992,992,
992,992,992,992,992,992,992,992,992,992,992,992,992,992,992,992,992,992,992,992,992,992,992,992,992,992,992,992,992,992,992,992,992,992,992,992,992,992,
992,992,992,992,992,992,992,992,992,992,992,992,992,992,992,992,992,992,992,992,992,992,992,992,992,992,992,992,992,992,992,992,992,992,992,992,992,992,
992,992,992,992,992,992,992,992,992,992,992,992,992,992,992,992,992,992,992,992,992,992,992,992,992,992,992,992,992,992,992,992,992,992,992,992,992,992,
992,992,992,992,992,992,992,992,992,992,992,992,992,992,992,992,992,992,992,992,992,992,992,992,992,992,992,992,992,992,992,992,992,992,992,992,992,992,
992,992,992,992,992,992,992,992,992,992,992,992,992,992,992,992,992,992,992,992,992,992,992,992,992,992,992,992,992,992,992,992,992,992,992,992,992,992,
992,992,992,992,992,992,992,992,992,992,992,992,992,992,992,992,992,992,992,992,992,992,992,992,992,992,992,992,992,992,992,992,992,992,992,992,992,992,
992,992,992,992,992,992,992,992,992,992,992,992,992,992,992,992,992,992,992,992,992,992,992,992,992,992,992,992,992,992,992,992,992,992,992,992,992,992,
992,992,992,992,992,992,992,992,992,992,992,992,992,992,992,992,992,992,992,992,992,992,992,992,992,992,992,992,992,992,992,992,992,992,992,992,992,992,
992,992,992,992,992,992,992,992,992,992,992,992,992,992,992,992,992,992,992,992,992,992,992,992,992,992,992,992,992,992,992,992,992,992,992,992,992,992,
992,992,992,992,992,992,992,992,992,992,992,992,992,992,992,992,992,992,992,992,992,992,992,992,992,992,992,992,992,992,992,992,992,992,992,992,992,992,
992,992,992,992,992,992,992,992,992,992,992,992,992,992,992,992,992,992,992,992,992,992,992,992,992,992,992,992,992,992,992,992,992,992,992,992,992,992,
992,992,992,992,992,992,992,992,992,992,992,992,992,992,992,992,992,992,992,992,992,992,992,992,992,992,992,992,992,992,992,992,992,992,992,992,992,992,
992,992,992,992,992,992,992,992,992,992,992,992,992,992,992,992,992,992,992,992,992,992,992,992,992,992,992,992,992,992,992,992,992,992,992,992,992,992,
992,992,992,992,992,992,992,992,992,992,992,992,992,992,992,992,992,992,992,992,992,992,992,992,992,992,992,992,992,992,992,992,992,992,992,992,992,992,
992,992,992,992,992,992,992,992,992,992,992,992,992,992,992,992,992,992,992,992,992,992,992,992,992,992,992,992,992,992,992,992,992,992,992,992,992,992,
992,992,992,992,992,992,992,992,992,992,992,992,992,992,992,992,992,992,992,992,992,992,992,992,992,992,992,992,992,992,992,992,992,992,992,992,992,992,
992,992,992,992,992,992,992,992,992,992,992,992,992,992,992,992,992,992,992,992,992,992,992,992,992,992,992,992,992,992,992,992,992,992,992,992,992,992,
992,992,992,992,992,992,992,992,992,992,992,992,992,992,992,992,992,992,992,992,992,992,992,992,992,992,992,992,992,992,992,992,992,992,992,992,992,992,
992,992,992,992,992,992,992,992,992,992,992,992,992,992,992,992,992,992,992,992,992,992,992,992,992,992,992,992,992,992,992,992,992,992,992,992,992,992,
992,992,992,992,992,992,992,992,992,992,992,992,992,992,992,992,992,992,992,992,992,992,992,992,992,992,992,992,992,992,992,992,992,992,992,992,992,992

