img=images/tilesheets/LPC-outdoor.png

# animation
# animation=tilenumber;X,Y,duration;X,Y,duration (etc)

# tileset
#     number | pos. | line |lunghezza |altezza |asse x |asse y

tile=	16,	0,	0,	32,	32,	32,	32,
tile=	17,	32,	0,	32,	32,	32,	32,
tile=	18,	64,	0,	32,	32,	32,	32,
tile=	19,	96,	0,	32,	32,	32,	32,
tile=	20,	128,	0,	32,	32,	32,	32,
tile=	21,	160,	0,	32,	32,	32,	32,
tile=	22,	192,	0,	32,	32,	32,	32,
tile=	23,	224,	0,	32,	32,	32,	32,
tile=	24,	256,	0,	32,	32,	32,	32,
tile=	25,	288,	0,	32,	32,	32,	32,
tile=	26,	320,	0,	32,	32,	32,	32,
tile=	27,	352,	0,	32,	32,	32,	32,
tile=	28,	384,	0,	32,	32,	32,	32,
tile=	29,	416,	0,	32,	32,	32,	32,
tile=	30,	448,	0,	32,	32,	32,	32,
tile=	31,	480,	0,	32,	32,	32,	32,
tile=	32,	512,	0,	32,	32,	32,	32,
tile=	33,	544,	0,	32,	32,	32,	32,
tile=	34,	576,	0,	32,	32,	32,	32,
animation=34;576,0,550;608,0,550;640,0,550;672,0,550;704,0,550
tile=	35,	608,	0,	32,	32,	32,	32,
tile=	36,	640,	0,	32,	32,	32,	32,
tile=	37,	672,	0,	32,	32,	32,	32,
tile=	38,	704,	0,	32,	32,	32,	32,
tile=	39,	736,	0,	32,	32,	32,	32,
tile=	40,	768,	0,	32,	32,	32,	32,
tile=	41,	800,	0,	32,	32,	32,	32,
tile=	42,	832,	0,	32,	32,	32,	32,
tile=	43,	864,	0,	32,	32,	32,	32,
animation=43;864,0,1000;1760,704,1000
tile=	44,	896,	0,	32,	32,	32,	32,
animation=44;896,0,1000;1792,704,1000
tile=	45,	928,	0,	32,	32,	32,	32,
animation=45;928,0,1000;1824,704,1000
tile=	46,	960,	0,	32,	32,	32,	32,
tile=	47,	992,	0,	32,	32,	32,	32,
tile=	48,	1024,	0,	32,	32,	32,	32,
tile=	49,	1056,	0,	32,	32,	32,	32,
tile=	50,	1088,	0,	32,	32,	32,	32,
tile=	51,	1120,	0,	32,	32,	32,	32,
tile=	52,	1152,	0,	32,	32,	32,	32,
tile=	53,	1184,	0,	32,	32,	32,	32,
tile=	54,	1216,	0,	32,	32,	32,	32,
tile=	55,	1248,	0,	32,	32,	32,	32,
tile=	56,	1280,	0,	32,	32,	32,	32,
tile=	57,	1312,	0,	32,	32,	32,	32,
tile=	58,	1344,	0,	32,	32,	32,	32,
tile=	59,	1376,	0,	32,	32,	32,	32,
tile=	60,	1408,	0,	32,	32,	32,	32,
tile=	61,	1440,	0,	32,	32,	32,	32,
tile=	62,	1472,	0,	32,	32,	32,	32,
tile=	63,	1504,	0,	32,	32,	32,	32,
tile=	64,	1536,	0,	32,	32,	32,	32,
tile=	65,	1568,	0,	32,	32,	32,	32,
tile=	66,	1600,	0,	32,	32,	32,	32,
tile=	67,	1632,	0,	32,	32,	32,	32,
tile=	68,	1664,	0,	32,	32,	32,	32,
tile=	69,	1696,	0,	32,	32,	32,	32,
tile=	70,	1728,	0,	32,	32,	32,	32,
tile=	71,	1760,	0,	32,	32,	32,	32,
tile=	72,	1792,	0,	32,	32,	32,	32,
tile=	73,	1824,	0,	32,	32,	32,	32,
tile=	74,	1856,	0,	32,	32,	32,	32,
tile=	75,	1888,	0,	32,	32,	32,	32,
tile=	76,	1920,	0,	32,	32,	32,	32,
tile=	77,	1952,	0,	32,	32,	32,	32,
tile=	78,	1984,	0,	32,	32,	32,	32,
tile=	79,	2016,	0,	32,	32,	32,	32,
tile=	80,	0,	32,	32,	32,	32,	32,
tile=	81,	32,	32,	32,	32,	32,	32,
tile=	82,	64,	32,	32,	32,	32,	32,
tile=	83,	96,	32,	32,	32,	32,	32,
tile=	84,	128,	32,	32,	32,	32,	32,
tile=	85,	160,	32,	32,	32,	32,	32,
tile=	86,	192,	0,	64,	64,	32,	64,
tile=	87,	224,	32,	32,	32,	32,	32,
tile=	88,	256,	32,	32,	32,	32,	32,
tile=	89,	288,	32,	32,	32,	32,	32,
tile=	90,	320,	32,	32,	32,	32,	32,
tile=	91,	352,	32,	32,	32,	32,	32,
tile=	92,	384,	32,	32,	32,	32,	32,
animation=92;384,32,550;384,0,550
tile=	93,	416,	32,	32,	32,	32,	32,
animation=93;416,32,550;416,0,550
tile=	94,	448,	32,	32,	32,	32,	32,
tile=	95,	480,	32,	32,	32,	32,	32,
tile=	96,	512,	32,	32,	32,	32,	32,
tile=	97,	544,	32,	32,	32,	32,	32,
tile=	98,	576,	32,	32,	32,	32,	32,
animation=98;576,32,550;608,32,550;640,32,550;672,32,550;704,32,550
tile=	99,	608,	32,	32,	32,	32,	32,
tile=	100,	640,	32,	32,	32,	32,	32,
tile=	101,	672,	32,	32,	32,	32,	32,
tile=	102,	704,	32,	32,	32,	32,	32,
tile=	103,	736,	32,	32,	32,	32,	32,
tile=	104,	768,	32,	32,	32,	32,	32,
tile=	105,	800,	32,	32,	32,	32,	32,
tile=	106,	832,	32,	32,	32,	32,	32,
tile=	107,	864,	32,	32,	32,	32,	32,
animation=107;864,32,1000;1760,736,1000
tile=	108,	896,	32,	32,	32,	32,	32,
animation=108;896,32,950;1792,736,1000
tile=	109,	928,	32,	32,	32,	32,	32,
animation=109;928,32,1000;1824,736,1000
tile=	110,	960,	32,	32,	32,	32,	32,
tile=	111,	992,	32,	32,	32,	32,	32,
tile=	112,	1024,	32,	32,	32,	32,	32,
tile=	113,	1056,	32,	32,	32,	32,	32,
tile=	114,	1088,	32,	32,	32,	32,	32,
tile=	115,	1120,	32,	32,	32,	32,	32,
tile=	116,	1152,	32,	32,	32,	32,	32,
tile=	117,	1184,	32,	32,	32,	32,	32,
tile=	118,	1216,	32,	32,	32,	32,	32,
tile=	119,	1248,	32,	32,	32,	32,	32,
tile=	120,	1280,	32,	32,	32,	32,	32,
tile=	121,	1312,	32,	32,	32,	32,	32,
tile=	122,	1344,	32,	32,	32,	32,	32,
tile=	123,	1376,	32,	32,	32,	32,	32,
tile=	124,	1408,	32,	32,	32,	32,	32,
tile=	125,	1440,	32,	32,	32,	32,	32,
tile=	126,	1472,	32,	32,	32,	32,	32,
tile=	127,	1504,	32,	32,	32,	32,	32,
tile=	128,	1536,	32,	32,	32,	32,	32,
tile=	129,	1568,	32,	32,	32,	32,	32,
tile=	130,	1600,	32,	32,	32,	32,	32,
tile=	131,	1632,	32,	32,	32,	32,	32,
tile=	132,	1664,	32,	32,	32,	32,	32,
tile=	133,	1696,	32,	32,	32,	32,	32,
tile=	134,	1728,	32,	32,	32,	32,	32,
tile=	135,	1760,	32,	32,	32,	32,	32,
tile=	136,	1792,	32,	32,	32,	32,	32,
tile=	137,	1824,	32,	32,	32,	32,	32,
tile=	138,	1856,	32,	32,	32,	32,	32,
tile=	139,	1888,	32,	32,	32,	32,	32,
tile=	140,	1920,	32,	32,	32,	32,	32,
tile=	141,	1952,	32,	32,	32,	32,	32,
tile=	142,	1984,	32,	32,	32,	32,	32,
tile=	143,	2016,	32,	32,	32,	32,	32,
tile=	144,	0,	64,	32,	32,	32,	32,
tile=	145,	32,	64,	32,	32,	32,	32,
tile=	146,	64,	64,	32,	32,	32,	32,
tile=	147,	96,	64,	32,	32,	32,	32,
tile=	148,	128,	64,	32,	32,	32,	32,
tile=	149,	160,	64,	32,	32,	32,	32,
tile=	150,	192,	64,	32,	32,	32,	32,
tile=	151,	224,	64,	32,	32,	32,	32,
tile=	152,	256,	64,	32,	32,	32,	32,
tile=	153,	288,	64,	32,	32,	32,	32,
tile=	154,	320,	64,	32,	32,	32,	32,
tile=	155,	352,	64,	32,	32,	32,	32,
tile=	156,	384,	64,	32,	32,	32,	32,
tile=	157,	416,	64,	32,	32,	32,	32,
tile=	158,	448,	64,	32,	32,	32,	32,
tile=	159,	480,	64,	32,	32,	32,	32,
tile=	160,	512,	64,	32,	32,	32,	32,
tile=	161,	544,	64,	32,	32,	32,	32,
tile=	162,	576,	64,	32,	32,	32,	32,
animation=162;576,64,550;608,64,550;640,64,550;672,64,550;704,64,550
tile=	163,	608,	64,	32,	32,	32,	32,
tile=	164,	640,	64,	32,	32,	32,	32,
tile=	165,	672,	64,	32,	32,	32,	32,
tile=	166,	704,	64,	32,	32,	32,	32,
tile=	167,	736,	64,	32,	32,	32,	32,
tile=	168,	768,	64,	32,	32,	32,	32,
tile=	169,	800,	64,	32,	32,	32,	32,
tile=	170,	832,	64,	32,	32,	32,	32,
tile=	171,	864,	64,	32,	32,	32,	32,
animation=171;864,64,1000;1760,768,1000
tile=	172,	896,	64,	32,	32,	32,	32,
animation=172;896,64,1000;1792,768,1000
tile=	173,	928,	64,	32,	32,	32,	32,
animation=173;928,64,1000;1824,768,1000
tile=	174,	960,	64,	32,	32,	32,	32,
tile=	175,	992,	64,	32,	32,	32,	32,
tile=	176,	1024,	64,	32,	32,	32,	32,
tile=	177,	1056,	64,	32,	32,	32,	32,
tile=	178,	1088,	64,	32,	32,	32,	32,
tile=	179,	1120,	64,	32,	32,	32,	32,
tile=	180,	1152,	64,	32,	32,	32,	32,
tile=	181,	1184,	64,	32,	32,	32,	32,
tile=	182,	1216,	64,	32,	32,	32,	32,
tile=	183,	1248,	64,	32,	32,	32,	32,
tile=	184,	1280,	64,	32,	32,	32,	32,
tile=	185,	1312,	64,	32,	32,	32,	32,
tile=	186,	1344,	64,	32,	32,	32,	32,
tile=	187,	1376,	64,	32,	32,	32,	32,
tile=	188,	1408,	64,	32,	32,	32,	32,
tile=	189,	1440,	64,	32,	32,	32,	32,
tile=	190,	1472,	64,	32,	32,	32,	32,
tile=	191,	1504,	64,	32,	32,	32,	32,
tile=	192,	1536,	64,	32,	32,	32,	32,
tile=	193,	1568,	64,	32,	32,	32,	32,
tile=	194,	1600,	32,	64,	64,	32,	64,
tile=	195,	1632,	64,	32,	32,	32,	32,
tile=	196,	1664,	32,	64,	64,	32,	64,
tile=	197,	1696,	64,	32,	32,	32,	32,
tile=	198,	1728,	32,	64,	64,	32,	64,
tile=	199,	1760,	64,	32,	32,	32,	32,
tile=	200,	1792,	64,	32,	32,	32,	32,
tile=	201,	1824,	64,	32,	32,	32,	32,
tile=	202,	1856,	64,	32,	32,	32,	32,
tile=	203,	1888,	64,	32,	32,	32,	32,
tile=	204,	1920,	64,	32,	32,	32,	32,
tile=	205,	1952,	64,	32,	32,	32,	32,
tile=	206,	1984,	64,	32,	32,	32,	32,
tile=	207,	2016,	64,	32,	32,	32,	32,
tile=	208,	0,	96,	32,	32,	32,	32,
tile=	209,	32,	96,	32,	32,	32,	32,
tile=	210,	64,	96,	32,	32,	32,	32,
tile=	211,	96,	96,	32,	32,	32,	32,
tile=	212,	128,	96,	32,	32,	32,	32,
tile=	213,	160,	96,	32,	32,	32,	32,
tile=	214,	192,	96,	32,	32,	32,	32,
tile=	215,	224,	96,	32,	32,	32,	32,
tile=	216,	256,	96,	32,	32,	32,	32,
tile=	217,	288,	96,	32,	32,	32,	32,
tile=	218,	320,	96,	32,	32,	32,	32,
tile=	219,	352,	96,	32,	32,	32,	32,
tile=	220,	384,	96,	32,	32,	32,	32,
tile=	221,	416,	96,	32,	32,	32,	32,
tile=	222,	448,	96,	32,	32,	32,	32,
tile=	223,	480,	96,	32,	32,	32,	32,
tile=	224,	512,	96,	32,	32,	32,	32,
tile=	225,	544,	96,	32,	32,	32,	32,
tile=	226,	576,	96,	32,	32,	32,	32,
animation=226;576,96,550;608,96,550;640,96,550;672,96,550;704,96,550
tile=	227,	608,	96,	32,	32,	32,	32,
tile=	228,	640,	96,	32,	32,	32,	32,
tile=	229,	672,	96,	32,	32,	32,	32,
tile=	230,	704,	96,	32,	32,	32,	32,
tile=	231,	736,	96,	32,	32,	32,	32,
tile=	232,	768,	96,	32,	32,	32,	32,
tile=	233,	800,	96,	32,	32,	32,	32,
tile=	234,	832,	96,	32,	32,	32,	32,
tile=	235,	864,	96,	32,	32,	32,	32,
tile=	236,	896,	96,	32,	32,	32,	32,
tile=	237,	928,	96,	32,	32,	32,	32,
tile=	238,	960,	96,	32,	32,	32,	32,
tile=	239,	992,	96,	32,	32,	32,	32,
tile=	240,	1024,	96,	32,	32,	32,	32,
tile=	241,	1056,	96,	32,	32,	32,	32,
tile=	242,	1088,	96,	32,	32,	32,	32,
tile=	243,	1120,	96,	32,	32,	32,	32,
tile=	244,	1152,	96,	32,	32,	32,	32,
tile=	245,	1184,	96,	32,	32,	32,	32,
tile=	246,	1216,	96,	32,	32,	32,	32,
tile=	247,	1248,	96,	32,	32,	32,	32,
tile=	248,	1280,	96,	32,	32,	32,	32,
tile=	249,	1312,	96,	32,	32,	32,	32,
tile=	250,	1344,	96,	32,	32,	32,	32,
tile=	251,	1376,	96,	32,	32,	32,	32,
tile=	252,	1408,	96,	32,	32,	32,	32,
tile=	253,	1440,	96,	32,	32,	32,	32,
tile=	254,	1472,	96,	32,	32,	32,	32,
tile=	255,	1504,	96,	32,	32,	32,	32,
tile=	256,	1536,	96,	32,	32,	32,	32,
tile=	257,	1568,	96,	32,	32,	32,	32,
tile=	258,	1600,	96,	32,	32,	32,	32,
tile=	259,	1632,	96,	32,	32,	32,	32,
tile=	260,	1664,	96,	32,	32,	32,	32,
tile=	261,	1696,	96,	32,	32,	32,	32,
tile=	262,	1728,	96,	32,	32,	32,	32,
tile=	263,	1760,	96,	32,	32,	32,	32,
tile=	264,	1792,	96,	32,	32,	32,	32,
tile=	265,	1824,	96,	32,	32,	32,	32,
tile=	266,	1856,	96,	32,	32,	32,	32,
tile=	267,	1888,	96,	32,	32,	32,	32,
tile=	268,	1920,	96,	32,	32,	32,	32,
tile=	269,	1952,	96,	32,	32,	32,	32,
tile=	270,	1984,	96,	32,	32,	32,	32,
tile=	271,	2016,	96,	32,	32,	32,	32,
tile=	272,	0,	128,	32,	32,	32,	32,
tile=	273,	32,	128,	32,	32,	32,	32,
tile=	274,	64,	128,	32,	32,	32,	32,
tile=	275,	96,	128,	32,	32,	32,	32,
tile=	276,	128,	128,	32,	32,	32,	32,
tile=	277,	160,	128,	32,	32,	32,	32,
tile=	278,	192,	128,	32,	32,	32,	32,
tile=	279,	224,	128,	32,	32,	32,	32,
tile=	280,	256,	128,	32,	32,	32,	32,
tile=	281,	288,	128,	32,	32,	32,	32,
tile=	282,	320,	128,	32,	32,	32,	32,
tile=	283,	352,	128,	32,	32,	32,	32,
tile=	284,	384,	128,	32,	32,	32,	32,
tile=	285,	416,	128,	32,	32,	32,	32,
tile=	286,	448,	128,	32,	32,	32,	32,
tile=	287,	480,	128,	32,	32,	32,	32,
tile=	288,	512,	128,	32,	32,	32,	32,
tile=	289,	544,	128,	32,	32,	32,	32,
tile=	290,	576,	128,	32,	32,	32,	32,
animation=290;576,128,550;608,128,550;640,128,550;672,128,550;704,128,550
tile=	291,	608,	128,	32,	32,	32,	32,
tile=	292,	640,	128,	32,	32,	32,	32,
tile=	293,	672,	128,	32,	32,	32,	32,
tile=	294,	704,	128,	32,	32,	32,	32,
tile=	295,	736,	128,	32,	32,	32,	32,
tile=	296,	768,	128,	32,	32,	32,	32,
tile=	297,	800,	128,	32,	32,	32,	32,
tile=	298,	832,	128,	32,	32,	32,	32,
tile=	299,	864,	128,	32,	32,	32,	32,
tile=	300,	896,	128,	32,	32,	32,	32,
tile=	301,	928,	128,	32,	32,	32,	32,
tile=	302,	960,	128,	32,	32,	32,	32,
tile=	303,	992,	128,	32,	32,	32,	32,
tile=	304,	1024,	128,	32,	32,	32,	32,
tile=	305,	1056,	128,	32,	32,	32,	32,
tile=	306,	1088,	128,	32,	32,	32,	32,
tile=	307,	1120,	128,	32,	32,	32,	32,
tile=	308,	1152,	128,	32,	32,	32,	32,
tile=	309,	1184,	128,	32,	32,	32,	32,
tile=	310,	1216,	128,	32,	32,	32,	32,
tile=	311,	1248,	128,	32,	32,	32,	32,
tile=	312,	1280,	128,	32,	32,	32,	32,
tile=	313,	1312,	128,	32,	32,	32,	32,
tile=	314,	1344,	128,	32,	32,	32,	32,
tile=	315,	1376,	128,	32,	32,	32,	32,
tile=	316,	1408,	128,	32,	32,	32,	32,
tile=	317,	1440,	128,	32,	32,	32,	32,
tile=	318,	1472,	128,	32,	32,	32,	32,
tile=	319,	1504,	128,	32,	32,	32,	32,
tile=	320,	1536,	128,	32,	32,	32,	32,
tile=	321,	1568,	128,	32,	32,	32,	32,
tile=	322,	1600,	128,	32,	32,	32,	32,
tile=	323,	1632,	128,	32,	32,	32,	32,
tile=	324,	1664,	128,	32,	32,	32,	32,
tile=	325,	1696,	128,	32,	32,	32,	32,
tile=	326,	1728,	128,	32,	32,	32,	32,
tile=	327,	1760,	128,	32,	32,	32,	32,
tile=	328,	1792,	128,	32,	32,	32,	32,
tile=	329,	1824,	128,	32,	32,	32,	32,
tile=	330,	1856,	128,	32,	32,	32,	32,
tile=	331,	1888,	128,	32,	32,	32,	32,
tile=	332,	1920,	128,	32,	32,	32,	32,
tile=	333,	1952,	128,	32,	32,	32,	32,
tile=	334,	1984,	128,	32,	32,	32,	32,
tile=	335,	2016,	128,	32,	32,	32,	32,
tile=	336,	0,	160,	32,	32,	32,	32,
tile=	337,	32,	160,	32,	32,	32,	32,
tile=	338,	64,	160,	32,	32,	32,	32,
tile=	339,	96,	160,	32,	32,	32,	32,
tile=	340,	128,	160,	32,	32,	32,	32,
tile=	341,	160,	160,	32,	32,	32,	32,
tile=	342,	192,	160,	32,	32,	32,	32,
tile=	343,	224,	160,	32,	32,	32,	32,
tile=	344,	256,	160,	32,	32,	32,	32,
tile=	345,	288,	160,	32,	32,	32,	32,
tile=	346,	320,	160,	32,	32,	32,	32,
tile=	347,	352,	160,	32,	32,	32,	32,
tile=	348,	384,	160,	32,	32,	32,	32,
tile=	349,	416,	160,	32,	32,	32,	32,
tile=	350,	448,	160,	32,	32,	32,	32,
tile=	351,	480,	160,	32,	32,	32,	32,
tile=	352,	512,	160,	32,	32,	32,	32,
tile=	353,	544,	160,	32,	32,	32,	32,
tile=	354,	576,	160,	32,	32,	32,	32,
animation=354;576,160,550;608,160,550;640,160,550;672,160,550;704,160,550
tile=	355,	608,	160,	32,	32,	32,	32,
tile=	356,	640,	160,	32,	32,	32,	32,
tile=	357,	672,	160,	32,	32,	32,	32,
tile=	358,	704,	160,	32,	32,	32,	32,
tile=	359,	736,	160,	32,	32,	32,	32,
tile=	360,	768,	160,	32,	32,	32,	32,
tile=	361,	800,	160,	32,	32,	32,	32,
tile=	362,	832,	160,	32,	32,	32,	32,
tile=	363,	864,	160,	32,	32,	32,	32,
tile=	364,	896,	160,	32,	32,	32,	32,
tile=	365,	928,	160,	32,	32,	32,	32,
tile=	366,	960,	160,	32,	32,	32,	32,
tile=	367,	992,	160,	32,	32,	32,	32,
tile=	368,	1024,	160,	32,	32,	32,	32,
tile=	369,	1056,	160,	32,	32,	32,	32,
tile=	370,	1088,	160,	32,	32,	32,	32,
tile=	371,	1120,	160,	32,	32,	32,	32,
tile=	372,	1152,	160,	32,	32,	32,	32,
tile=	373,	1184,	160,	32,	32,	32,	32,
tile=	374,	1216,	160,	32,	32,	32,	32,
tile=	375,	1248,	160,	32,	32,	32,	32,
tile=	376,	1280,	160,	32,	32,	32,	32,
tile=	377,	1312,	160,	32,	32,	32,	32,
tile=	378,	1344,	160,	32,	32,	32,	32,
tile=	379,	1376,	160,	32,	32,	32,	32,
tile=	380,	1408,	160,	32,	32,	32,	32,
tile=	381,	1440,	160,	32,	32,	32,	32,
tile=	382,	1472,	160,	32,	32,	32,	32,
tile=	383,	1504,	160,	32,	32,	32,	32,
tile=	384,	1536,	160,	32,	32,	32,	32,
tile=	385,	1568,	160,	32,	32,	32,	32,
tile=	386,	1600,	160,	32,	32,	32,	32,
tile=	387,	1632,	160,	32,	32,	32,	32,
tile=	388,	1664,	160,	32,	32,	32,	32,
tile=	389,	1696,	160,	32,	32,	32,	32,
tile=	390,	1728,	160,	32,	32,	32,	32,
tile=	391,	1760,	160,	32,	32,	32,	32,
tile=	392,	1792,	160,	32,	32,	32,	32,
tile=	393,	1824,	160,	32,	32,	32,	32,
tile=	394,	1856,	160,	32,	32,	32,	32,
tile=	395,	1888,	160,	32,	32,	32,	32,
tile=	396,	1920,	160,	32,	32,	32,	32,
tile=	397,	1952,	160,	32,	32,	32,	32,
tile=	398,	1984,	160,	32,	32,	32,	32,
tile=	399,	2016,	160,	32,	32,	32,	32,
tile=	400,	0,	192,	32,	32,	32,	32,
tile=	401,	32,	192,	32,	32,	32,	32,
tile=	402,	64,	192,	32,	32,	32,	32,
tile=	403,	96,	192,	32,	32,	32,	32,
tile=	404,	128,	192,	32,	32,	32,	32,
tile=	405,	160,	192,	32,	32,	32,	32,
tile=	406,	192,	192,	32,	32,	32,	32,
tile=	407,	224,	192,	32,	32,	32,	32,
tile=	408,	256,	192,	32,	32,	32,	32,
tile=	409,	288,	192,	32,	32,	32,	32,
tile=	410,	320,	192,	32,	32,	32,	32,
tile=	411,	352,	192,	32,	32,	32,	32,
tile=	412,	384,	192,	32,	32,	32,	32,
tile=	413,	416,	192,	32,	32,	32,	32,
tile=	414,	448,	192,	32,	32,	32,	32,
tile=	415,	480,	192,	32,	32,	32,	32,
tile=	416,	512,	192,	32,	32,	32,	32,
tile=	417,	544,	192,	32,	32,	32,	32,
tile=	418,	576,	192,	32,	32,	32,	32,
animation=418;576,192,550;608,192,550;640,192,550;672,192,550;704,192,550
tile=	419,	608,	192,	32,	32,	32,	32,
tile=	420,	640,	192,	32,	32,	32,	32,
tile=	421,	672,	192,	32,	32,	32,	32,
tile=	422,	704,	192,	32,	32,	32,	32,
tile=	423,	736,	192,	32,	32,	32,	32,
tile=	424,	768,	192,	32,	32,	32,	32,
tile=	425,	800,	192,	32,	32,	32,	32,
tile=	426,	832,	192,	32,	32,	32,	32,
tile=	427,	864,	192,	32,	32,	32,	32,
tile=	428,	896,	192,	32,	32,	32,	32,
tile=	429,	928,	192,	32,	32,	32,	32,
tile=	430,	960,	192,	32,	32,	32,	32,
tile=	431,	992,	192,	32,	32,	32,	32,
tile=	432,	1024,	192,	32,	32,	32,	32,
tile=	433,	1056,	192,	32,	32,	32,	32,
tile=	434,	1088,	192,	32,	32,	32,	32,
tile=	435,	1120,	192,	32,	32,	32,	32,
tile=	436,	1152,	192,	32,	32,	32,	32,
tile=	437,	1184,	192,	32,	32,	32,	32,
tile=	438,	1216,	192,	32,	32,	32,	32,
tile=	439,	1248,	192,	32,	32,	32,	32,
tile=	440,	1280,	192,	32,	32,	32,	32,
tile=	441,	1312,	192,	32,	32,	32,	32,
tile=	442,	1344,	192,	32,	32,	32,	32,
tile=	443,	1376,	192,	32,	32,	32,	32,
tile=	444,	1408,	192,	32,	32,	32,	32,
tile=	445,	1440,	192,	32,	32,	32,	32,
tile=	446,	1472,	192,	32,	32,	32,	32,
tile=	447,	1504,	192,	32,	32,	32,	32,
tile=	448,	1536,	192,	32,	32,	32,	32,
tile=	449,	1568,	192,	32,	32,	32,	32,
tile=	450,	1600,	192,	32,	32,	32,	32,
tile=	451,	1632,	192,	32,	32,	32,	32,
tile=	452,	1664,	192,	32,	32,	32,	32,
tile=	453,	1696,	192,	32,	32,	32,	32,
tile=	454,	1728,	192,	32,	32,	32,	32,
tile=	455,	1760,	192,	32,	32,	32,	32,
tile=	456,	1792,	192,	32,	32,	32,	32,
tile=	457,	1824,	192,	32,	32,	32,	32,
tile=	458,	1856,	192,	32,	32,	32,	32,
tile=	459,	1888,	192,	32,	32,	32,	32,
tile=	460,	1920,	192,	32,	32,	32,	32,
tile=	461,	1952,	192,	32,	32,	32,	32,
tile=	462,	1984,	192,	32,	32,	32,	32,
tile=	463,	2016,	192,	32,	32,	32,	32,
tile=	464,	0,	224,	32,	32,	32,	32,
tile=	465,	32,	224,	32,	32,	32,	32,
tile=	466,	64,	224,	32,	32,	32,	32,
tile=	467,	96,	224,	32,	32,	32,	32,
tile=	468,	128,	224,	32,	32,	32,	32,
tile=	469,	160,	224,	32,	32,	32,	32,
tile=	470,	192,	224,	32,	32,	32,	32,
tile=	471,	224,	224,	32,	32,	32,	32,
tile=	472,	256,	224,	32,	32,	32,	32,
tile=	473,	288,	224,	32,	32,	32,	32,
tile=	474,	320,	224,	32,	32,	32,	32,
tile=	475,	352,	224,	32,	32,	32,	32,
tile=	476,	384,	224,	32,	32,	32,	32,
tile=	477,	416,	224,	32,	32,	32,	32,
tile=	478,	448,	224,	32,	32,	32,	32,
tile=	479,	480,	224,	32,	32,	32,	32,
tile=	480,	512,	224,	32,	32,	32,	32,
tile=	481,	544,	224,	32,	32,	32,	32,
tile=	482,	576,	224,	32,	32,	32,	32,
animation=482;576,224,550;608,224,550;640,224,550;672,224,550;704,224,550
tile=	483,	608,	224,	32,	32,	32,	32,
tile=	484,	640,	224,	32,	32,	32,	32,
tile=	485,	672,	224,	32,	32,	32,	32,
tile=	486,	704,	224,	32,	32,	32,	32,
tile=	487,	736,	224,	32,	32,	32,	32,
tile=	488,	768,	224,	32,	32,	32,	32,
tile=	489,	800,	224,	32,	32,	32,	32,
tile=	490,	832,	224,	32,	32,	32,	32,
tile=	491,	864,	224,	32,	32,	32,	32,
tile=	492,	896,	224,	32,	32,	32,	32,
tile=	493,	928,	224,	32,	32,	32,	32,
tile=	494,	960,	224,	32,	32,	32,	32,
tile=	495,	992,	224,	32,	32,	32,	32,
tile=	496,	1024,	224,	32,	32,	32,	32,
tile=	497,	1056,	224,	32,	32,	32,	32,
tile=	498,	1088,	224,	32,	32,	32,	32,
tile=	499,	1120,	224,	32,	32,	32,	32,
tile=	500,	1152,	224,	32,	32,	32,	32,
tile=	501,	1184,	224,	32,	32,	32,	32,
tile=	502,	1216,	224,	32,	32,	32,	32,
tile=	503,	1248,	224,	32,	32,	32,	32,
tile=	504,	1280,	224,	32,	32,	32,	32,
tile=	505,	1312,	224,	32,	32,	32,	32,
tile=	506,	1344,	224,	32,	32,	32,	32,
tile=	507,	1376,	224,	32,	32,	32,	32,
tile=	508,	1408,	224,	32,	32,	32,	32,
tile=	509,	1440,	224,	32,	32,	32,	32,
tile=	510,	1472,	224,	32,	32,	32,	32,
tile=	511,	1504,	224,	32,	32,	32,	32,
tile=	512,	1536,	224,	32,	32,	32,	32,
tile=	513,	1568,	224,	32,	32,	32,	32,
tile=	514,	1600,	224,	32,	32,	32,	32,
tile=	515,	1632,	224,	32,	32,	32,	32,
tile=	516,	1664,	224,	32,	32,	32,	32,
tile=	517,	1696,	224,	32,	32,	32,	32,
tile=	518,	1728,	224,	32,	32,	32,	32,
tile=	519,	1760,	224,	32,	32,	32,	32,
tile=	520,	1792,	224,	32,	32,	32,	32,
tile=	521,	1824,	224,	32,	32,	32,	32,
tile=	522,	1856,	224,	32,	32,	32,	32,
tile=	523,	1888,	224,	32,	32,	32,	32,
tile=	524,	1920,	224,	32,	32,	32,	32,
tile=	525,	1952,	224,	32,	32,	32,	32,
tile=	526,	1984,	224,	32,	32,	32,	32,
tile=	527,	2016,	224,	32,	32,	32,	32,
tile=	528,	0,	256,	32,	32,	32,	32,
tile=	529,	32,	256,	32,	32,	32,	32,
tile=	530,	64,	256,	32,	32,	32,	32,
tile=	531,	96,	256,	32,	32,	32,	32,
tile=	532,	128,	256,	32,	32,	32,	32,
tile=	533,	160,	256,	32,	32,	32,	32,
tile=	534,	192,	256,	32,	32,	32,	32,
tile=	535,	224,	256,	32,	32,	32,	32,
tile=	536,	256,	256,	32,	32,	32,	32,
tile=	537,	288,	256,	32,	32,	32,	32,
tile=	538,	320,	256,	32,	32,	32,	32,
tile=	539,	352,	256,	32,	32,	32,	32,
tile=	540,	384,	256,	32,	32,	32,	32,
tile=	541,	416,	256,	32,	32,	32,	32,
tile=	542,	448,	256,	32,	32,	32,	32,
tile=	543,	480,	256,	32,	32,	32,	32,
tile=	544,	512,	256,	32,	32,	32,	32,
tile=	545,	544,	256,	32,	32,	32,	32,
tile=	546,	576,	256,	32,	32,	32,	32,
animation=546;576,256,550;608,256,550;640,256,550;672,256,550;704,256,550
tile=	547,	608,	256,	32,	32,	32,	32,
tile=	548,	640,	256,	32,	32,	32,	32,
tile=	549,	672,	256,	32,	32,	32,	32,
tile=	550,	704,	256,	32,	32,	32,	32,
tile=	551,	736,	256,	32,	32,	32,	32,
tile=	552,	768,	256,	32,	32,	32,	32,
tile=	553,	800,	256,	32,	32,	32,	32,
tile=	554,	832,	256,	32,	32,	32,	32,
tile=	555,	864,	256,	32,	32,	32,	32,
tile=	556,	896,	256,	32,	32,	32,	32,
tile=	557,	928,	256,	32,	32,	32,	32,
tile=	558,	960,	256,	32,	32,	32,	32,
tile=	559,	992,	256,	32,	32,	32,	32,
tile=	560,	1024,	256,	32,	32,	32,	32,
tile=	561,	1056,	256,	32,	32,	32,	32,
tile=	562,	1088,	256,	32,	32,	32,	32,
tile=	563,	1120,	256,	32,	32,	32,	32,
tile=	564,	1152,	256,	32,	32,	32,	32,
tile=	565,	1184,	256,	32,	32,	32,	32,
tile=	566,	1216,	256,	32,	32,	32,	32,
tile=	567,	1248,	256,	32,	32,	32,	32,
tile=	568,	1280,	256,	32,	32,	32,	32,
tile=	569,	1312,	256,	32,	32,	32,	32,
tile=	570,	1344,	256,	32,	32,	32,	32,
tile=	571,	1376,	256,	32,	32,	32,	32,
tile=	572,	1408,	256,	32,	32,	32,	32,
tile=	573,	1440,	256,	32,	32,	32,	32,
tile=	574,	1472,	256,	32,	32,	32,	32,
tile=	575,	1504,	256,	32,	32,	32,	32,
tile=	576,	1536,	256,	32,	32,	32,	32,
tile=	577,	1568,	256,	32,	32,	32,	32,
tile=	578,	1600,	256,	32,	32,	32,	32,
tile=	579,	1632,	256,	32,	32,	32,	32,
tile=	580,	1664,	256,	32,	32,	32,	32,
tile=	581,	1696,	256,	32,	32,	32,	32,
tile=	582,	1728,	256,	32,	32,	32,	32,
tile=	583,	1760,	256,	32,	32,	32,	32,
tile=	584,	1792,	256,	32,	32,	32,	32,
tile=	585,	1824,	256,	32,	32,	32,	32,
tile=	586,	1856,	256,	32,	32,	32,	32,
tile=	587,	1888,	256,	32,	32,	32,	32,
tile=	588,	1920,	256,	32,	32,	32,	32,
tile=	589,	1952,	256,	32,	32,	32,	32,
tile=	590,	1984,	256,	32,	32,	32,	32,
tile=	591,	2016,	256,	32,	32,	32,	32,
tile=	592,	0,	288,	32,	32,	32,	32,
tile=	593,	32,	288,	32,	32,	32,	32,
tile=	594,	64,	288,	32,	32,	32,	32,
tile=	595,	96,	288,	32,	32,	32,	32,
tile=	596,	128,	288,	32,	32,	32,	32,
tile=	597,	160,	288,	32,	32,	32,	32,
tile=	598,	192,	288,	32,	32,	32,	32,
tile=	599,	224,	288,	32,	32,	32,	32,
tile=	600,	256,	288,	32,	32,	32,	32,
tile=	601,	288,	288,	32,	32,	32,	32,
tile=	602,	320,	288,	32,	32,	32,	32,
tile=	603,	352,	288,	32,	32,	32,	32,
tile=	604,	384,	288,	32,	32,	32,	32,
tile=	605,	416,	288,	32,	32,	32,	32,
tile=	606,	448,	288,	32,	32,	32,	32,
tile=	607,	480,	288,	32,	32,	32,	32,
tile=	608,	512,	288,	32,	32,	32,	32,
tile=	609,	544,	288,	32,	32,	32,	32,
tile=	610,	576,	288,	32,	32,	32,	32,
animation=610;576,288,550;608,288,550;640,288,550;672,288,550;704,288,550
tile=	611,	608,	288,	32,	32,	32,	32,
tile=	612,	640,	288,	32,	32,	32,	32,
tile=	613,	672,	288,	32,	32,	32,	32,
tile=	614,	704,	288,	32,	32,	32,	32,
tile=	615,	736,	288,	32,	32,	32,	32,
tile=	616,	768,	288,	32,	32,	32,	32,
tile=	617,	800,	288,	32,	32,	32,	32,
tile=	618,	832,	288,	32,	32,	32,	32,
tile=	619,	864,	288,	32,	32,	32,	32,
tile=	620,	896,	288,	32,	32,	32,	32,
tile=	621,	928,	288,	32,	32,	32,	32,
tile=	622,	960,	288,	32,	32,	32,	32,
tile=	623,	992,	288,	32,	32,	32,	32,
tile=	624,	1024,	288,	32,	32,	32,	32,
tile=	625,	1056,	288,	32,	32,	32,	32,
tile=	626,	1088,	288,	32,	32,	32,	32,
tile=	627,	1120,	288,	32,	32,	32,	32,
tile=	628,	1152,	288,	32,	32,	32,	32,
tile=	629,	1184,	288,	32,	32,	32,	32,
tile=	630,	1216,	288,	32,	32,	32,	32,
tile=	631,	1248,	288,	32,	32,	32,	32,
tile=	632,	1280,	288,	32,	32,	32,	32,
tile=	633,	1312,	288,	32,	32,	32,	32,
tile=	634,	1344,	288,	32,	32,	32,	32,
tile=	635,	1376,	288,	32,	32,	32,	32,
tile=	636,	1408,	288,	32,	32,	32,	32,
tile=	637,	1440,	288,	32,	32,	32,	32,
tile=	638,	1472,	288,	32,	32,	32,	32,
tile=	639,	1504,	288,	32,	32,	32,	32,
tile=	640,	1536,	288,	32,	32,	32,	32,
tile=	641,	1568,	288,	32,	32,	32,	32,
tile=	642,	1600,	288,	32,	32,	32,	32,
tile=	643,	1632,	288,	32,	32,	32,	32,
tile=	644,	1664,	288,	32,	32,	32,	32,
tile=	645,	1696,	288,	32,	32,	32,	32,
tile=	646,	1728,	288,	32,	32,	32,	32,
tile=	647,	1760,	288,	32,	32,	32,	32,
tile=	648,	1792,	288,	32,	32,	32,	32,
tile=	649,	1824,	288,	32,	32,	32,	32,
tile=	650,	1856,	288,	32,	32,	32,	32,
tile=	651,	1888,	288,	32,	32,	32,	32,
tile=	652,	1920,	288,	32,	32,	32,	32,
tile=	653,	1952,	288,	32,	32,	32,	32,
tile=	654,	1984,	288,	32,	32,	32,	32,
tile=	655,	2016,	288,	32,	32,	32,	32,
tile=	656,	0,	320,	32,	32,	32,	32,
tile=	657,	32,	320,	32,	32,	32,	32,
tile=	658,	64,	320,	32,	32,	32,	32,
tile=	659,	96,	320,	32,	32,	32,	32,
tile=	660,	128,	320,	32,	32,	32,	32,
tile=	661,	160,	320,	32,	32,	32,	32,
tile=	662,	192,	320,	32,	32,	32,	32,
tile=	663,	224,	320,	32,	32,	32,	32,
tile=	664,	256,	320,	32,	32,	32,	32,
animation=664;256,320,550;192,320,550
tile=	665,	288,	320,	32,	32,	32,	32,
animation=665;288,320,550;224,320,550
tile=	666,	320,	320,	32,	32,	32,	32,
tile=	667,	352,	320,	32,	32,	32,	32,
tile=	668,	384,	320,	32,	32,	32,	32,
tile=	669,	416,	320,	32,	32,	32,	32,
tile=	670,	448,	320,	32,	32,	32,	32,
tile=	671,	480,	320,	32,	32,	32,	32,
tile=	672,	512,	320,	32,	32,	32,	32,
tile=	673,	544,	320,	32,	32,	32,	32,
tile=	674,	576,	320,	32,	32,	32,	32,
animation=674;576,320,550;576,352,550
tile=	675,	608,	320,	32,	32,	32,	32,
tile=	676,	640,	320,	32,	32,	32,	32,
tile=	677,	672,	320,	32,	32,	32,	32,
tile=	678,	704,	320,	32,	32,	32,	32,
tile=	679,	736,	320,	32,	32,	32,	32,
tile=	680,	768,	320,	32,	32,	32,	32,
tile=	681,	800,	320,	32,	32,	32,	32,
tile=	682,	832,	320,	32,	32,	32,	32,
tile=	683,	864,	320,	32,	32,	32,	32,
tile=	684,	896,	320,	32,	32,	32,	32,
tile=	685,	928,	320,	32,	32,	32,	32,
tile=	686,	960,	320,	32,	32,	32,	32,
tile=	687,	992,	320,	32,	32,	32,	32,
tile=	688,	1024,	320,	32,	32,	32,	32,
tile=	689,	1024,	224,	96,	128,	64,	128,
tile=	690,	1088,	320,	32,	32,	32,	32,
tile=	691,	1120,	320,	32,	32,	32,	32,
tile=	692,	1152,	320,	32,	32,	32,	32,
tile=	693,	1120,	224,	128,	128,	96,	128,
tile=	694,	1216,	320,	32,	32,	32,	32,
tile=	695,	1248,	320,	32,	32,	32,	32,
tile=	696,	1280,	320,	32,	32,	32,	32,
tile=	697,	1312,	320,	32,	32,	32,	32,
tile=	698,	1344,	320,	32,	32,	32,	32,
tile=	699,	1376,	320,	32,	32,	32,	32,
tile=	700,	1408,	320,	32,	32,	32,	32,
tile=	701,	1440,	320,	32,	32,	32,	32,
tile=	702,	1472,	320,	32,	32,	32,	32,
tile=	703,	1504,	320,	32,	32,	32,	32,
tile=	704,	1536,	320,	32,	32,	32,	32,
tile=	705,	1568,	320,	32,	32,	32,	32,
tile=	706,	1600,	320,	32,	32,	32,	32,
tile=	707,	1632,	320,	32,	32,	32,	32,
tile=	708,	1664,	320,	32,	32,	32,	32,
tile=	709,	1696,	320,	32,	32,	32,	32,
tile=	710,	1728,	320,	32,	32,	32,	32,
tile=	711,	1760,	320,	32,	32,	32,	32,
tile=	712,	1792,	320,	32,	32,	32,	32,
tile=	713,	1824,	320,	32,	32,	32,	32,
tile=	714,	1856,	320,	32,	32,	32,	32,
tile=	715,	1888,	320,	32,	32,	32,	32,
tile=	716,	1920,	320,	32,	32,	32,	32,
tile=	717,	1952,	320,	32,	32,	32,	32,
tile=	718,	1984,	320,	32,	32,	32,	32,
tile=	719,	2016,	320,	32,	32,	32,	32,
tile=	720,	0,	352,	32,	32,	32,	32,
tile=	721,	32,	352,	32,	32,	32,	32,
tile=	722,	64,	352,	32,	32,	32,	32,
tile=	723,	96,	352,	32,	32,	32,	32,
tile=	724,	128,	352,	32,	32,	32,	32,
tile=	725,	160,	352,	32,	32,	32,	32,
tile=	726,	192,	352,	32,	32,	32,	32,
tile=	727,	224,	352,	32,	32,	32,	32,
tile=	728,	256,	352,	32,	32,	32,	32,
animation=728;256,352,550;192,352,550
tile=	729,	288,	352,	32,	32,	32,	32,
animation=729;288,352,550;224,352,550
tile=	730,	320,	352,	32,	32,	32,	32,
tile=	731,	352,	352,	32,	32,	32,	32,
tile=	732,	384,	352,	32,	32,	32,	32,
tile=	733,	416,	352,	32,	32,	32,	32,
tile=	734,	448,	352,	32,	32,	32,	32,
tile=	735,	480,	352,	32,	32,	32,	32,
tile=	736,	512,	352,	32,	32,	32,	32,
tile=	737,	544,	352,	32,	32,	32,	32,
tile=	738,	576,	352,	32,	32,	32,	32,
tile=	739,	608,	352,	32,	32,	32,	32,
tile=	740,	640,	352,	32,	32,	32,	32,
tile=	741,	672,	352,	32,	32,	32,	32,
tile=	742,	704,	352,	32,	32,	32,	32,
tile=	743,	736,	352,	32,	32,	32,	32,
tile=	744,	768,	320,	32,	64,	32,	64,
tile=	745,	800,	320,	32,	64,	32,	64,
tile=	746,	832,	320,	32,	64,	32,	64,
tile=	747,	864,	352,	32,	32,	32,	32,
tile=	748,	896,	352,	32,	32,	32,	32,
tile=	749,	928,	352,	32,	32,	32,	32,
tile=	750,	960,	352,	32,	32,	32,	32,
tile=	751,	992,	352,	32,	32,	32,	32,
tile=	752,	1024,	352,	32,	32,	32,	32,
tile=	753,	1056,	352,	32,	32,	32,	32,
tile=	754,	1088,	352,	96,	96,	32,	32,
tile=	755,	1088,	352,	96,	96,	64,	32,
tile=	756,	1088,	352,	96,	96,	96,	32,
tile=	757,	1184,	352,	32,	32,	32,	32,
tile=	758,	1216,	352,	32,	32,	32,	32,
tile=	759,	1248,	352,	32,	32,	32,	32,
tile=	760,	1280,	352,	32,	32,	32,	32,
tile=	761,	1312,	352,	32,	32,	32,	32,
tile=	762,	1344,	352,	32,	32,	32,	32,
tile=	763,	1376,	352,	32,	32,	32,	32,
tile=	764,	1408,	352,	32,	32,	32,	32,
tile=	765,	1440,	352,	32,	32,	32,	32,
tile=	766,	1472,	352,	32,	32,	32,	32,
tile=	767,	1504,	352,	32,	32,	32,	32,
tile=	768,	1536,	352,	32,	32,	32,	32,
tile=	769,	1568,	352,	32,	32,	32,	32,
tile=	770,	1600,	352,	32,	32,	32,	32,
tile=	771,	1632,	352,	32,	32,	32,	32,
tile=	772,	1664,	352,	32,	32,	32,	32,
tile=	773,	1696,	352,	32,	32,	32,	32,
tile=	774,	1728,	352,	32,	32,	32,	32,
tile=	775,	1760,	352,	32,	32,	32,	32,
tile=	776,	1792,	352,	32,	32,	32,	32,
tile=	777,	1824,	352,	32,	32,	32,	32,
tile=	778,	1856,	352,	32,	32,	32,	32,
tile=	779,	1888,	352,	32,	32,	32,	32,
tile=	780,	1920,	352,	32,	32,	32,	32,
tile=	781,	1952,	352,	32,	32,	32,	32,
tile=	782,	1984,	352,	32,	32,	32,	32,
tile=	783,	2016,	352,	32,	32,	32,	32,
tile=	784,	0,	384,	32,	32,	32,	32,
animation=784;0,384,550;0,320,550
tile=	785,	32,	384,	32,	32,	32,	32,
animation=785;32,384,550;32,320,550
tile=	786,	64,	384,	32,	32,	32,	32,
animation=786;64,384,550;64,320,550
tile=	787,	96,	384,	32,	32,	32,	32,
tile=	788,	128,	384,	32,	32,	32,	32,
tile=	789,	160,	384,	32,	32,	32,	32,
tile=	790,	192,	384,	32,	32,	32,	32,
tile=	791,	224,	384,	32,	32,	32,	32,
tile=	792,	256,	384,	32,	32,	32,	32,
tile=	793,	288,	384,	32,	32,	32,	32,
tile=	794,	320,	384,	32,	32,	32,	32,
tile=	795,	352,	384,	32,	32,	32,	32,
tile=	796,	384,	384,	32,	32,	32,	32,
tile=	797,	416,	384,	32,	32,	32,	32,
tile=	798,	448,	384,	32,	32,	32,	32,
tile=	799,	480,	384,	32,	32,	32,	32,
tile=	800,	512,	384,	32,	32,	32,	32,
tile=	801,	544,	384,	32,	32,	32,	32,
tile=	802,	576,	384,	32,	32,	32,	32,
tile=	803,	608,	384,	32,	32,	32,	32,
tile=	804,	640,	384,	32,	32,	32,	32,
tile=	805,	672,	384,	32,	32,	32,	32,
tile=	806,	704,	384,	32,	32,	32,	32,
tile=	807,	736,	384,	32,	32,	32,	32,
tile=	808,	768,	384,	32,	32,	32,	32,
tile=	809,	800,	384,	32,	32,	32,	32,
tile=	810,	832,	384,	32,	32,	32,	32,
tile=	811,	864,	384,	32,	32,	32,	32,
tile=	812,	896,	384,	32,	32,	32,	32,
tile=	813,	928,	384,	32,	32,	32,	32,
tile=	814,	960,	384,	32,	32,	32,	32,
tile=	815,	992,	384,	32,	32,	32,	32,
tile=	816,	1024,	384,	32,	32,	32,	32,
tile=	817,	1056,	384,	32,	32,	32,	32,
tile=	818,	1088,	352,	96,	96,	32,	64,
tile=	819,	1088,	352,	96,	96,	64,	64,
tile=	820,	1088,	352,	96,	96,	96,	64,
tile=	821,	1184,	384,	32,	32,	32,	32,
tile=	822,	1216,	384,	32,	32,	32,	32,
tile=	823,	1248,	384,	32,	32,	32,	32,
tile=	824,	1280,	384,	32,	32,	32,	32,
tile=	825,	1312,	384,	32,	32,	32,	32,
tile=	826,	1344,	384,	32,	32,	32,	32,
tile=	827,	1376,	384,	32,	32,	32,	32,
tile=	828,	1408,	384,	32,	32,	32,	32,
tile=	829,	1440,	384,	32,	32,	32,	32,
tile=	830,	1472,	384,	32,	32,	32,	32,
tile=	831,	1504,	384,	32,	32,	32,	32,
tile=	832,	1536,	384,	32,	32,	32,	32,
tile=	833,	1568,	384,	32,	32,	32,	32,
tile=	834,	1600,	384,	32,	32,	32,	32,
tile=	835,	1632,	384,	32,	32,	32,	32,
tile=	836,	1664,	384,	32,	32,	32,	32,
tile=	837,	1696,	384,	32,	32,	32,	32,
tile=	838,	1728,	384,	32,	32,	32,	32,
tile=	839,	1760,	384,	32,	32,	32,	32,
tile=	840,	1792,	384,	32,	32,	32,	32,
tile=	841,	1824,	384,	32,	32,	32,	32,
tile=	842,	1856,	384,	32,	32,	32,	32,
tile=	843,	1888,	384,	32,	32,	32,	32,
tile=	844,	1920,	384,	32,	32,	32,	32,
tile=	845,	1952,	384,	32,	32,	32,	32,
tile=	846,	1984,	384,	32,	32,	32,	32,
tile=	847,	2016,	384,	32,	32,	32,	32,
tile=	848,	0,	416,	32,	32,	32,	32,
animation=848;0,416,550;0,352,550
tile=	849,	32,	416,	32,	32,	32,	32,
tile=	850,	64,	416,	32,	32,	32,	32,
animation=850;64,416,550;64,352,550
tile=	851,	96,	416,	32,	32,	32,	32,
tile=	852,	128,	416,	32,	32,	32,	32,
tile=	853,	160,	416,	32,	32,	32,	32,
tile=	854,	192,	416,	32,	32,	32,	32,
tile=	855,	224,	416,	32,	32,	32,	32,
tile=	856,	256,	416,	32,	32,	32,	32,
tile=	857,	288,	416,	32,	32,	32,	32,
tile=	858,	320,	416,	32,	32,	32,	32,
tile=	859,	352,	416,	32,	32,	32,	32,
tile=	860,	384,	416,	32,	32,	32,	32,
tile=	861,	416,	416,	32,	32,	32,	32,
tile=	862,	448,	416,	32,	32,	32,	32,
tile=	863,	480,	416,	32,	32,	32,	32,
tile=	864,	512,	416,	32,	32,	32,	32,
tile=	865,	544,	416,	32,	32,	32,	32,
tile=	866,	576,	416,	32,	32,	32,	32,
tile=	867,	608,	416,	32,	32,	32,	32,
tile=	868,	640,	416,	32,	32,	32,	32,
tile=	869,	672,	416,	32,	32,	32,	32,
tile=	870,	704,	416,	32,	32,	32,	32,
tile=	871,	736,	416,	32,	32,	32,	32,
tile=	872,	768,	384,	32,	64,	32,	64,
tile=	873,	800,	384,	32,	64,	32,	64,
tile=	874,	832,	384,	32,	64,	32,	64,
tile=	875,	864,	416,	32,	32,	32,	32,
tile=	876,	896,	416,	32,	32,	32,	32,
tile=	877,	928,	416,	32,	32,	32,	32,
tile=	878,	960,	416,	32,	32,	32,	32,
tile=	879,	992,	416,	32,	32,	32,	32,
tile=	880,	1024,	416,	32,	32,	32,	32,
tile=	881,	1056,	416,	32,	32,	32,	32,
tile=	882,	1088,	352,	96,	96,	32,	96,
tile=	883,	1088,	352,	96,	96,	64,	96,
tile=	884,	1088,	352,	96,	96,	96,	96,
tile=	885,	1184,	416,	32,	32,	32,	32,
tile=	886,	1216,	416,	32,	32,	32,	32,
tile=	887,	1248,	416,	32,	32,	32,	32,
tile=	888,	1280,	416,	32,	32,	32,	32,
tile=	889,	1312,	416,	32,	32,	32,	32,
tile=	890,	1344,	416,	32,	32,	32,	32,
tile=	891,	1376,	416,	32,	32,	32,	32,
tile=	892,	1408,	416,	32,	32,	32,	32,
tile=	893,	1440,	416,	32,	32,	32,	32,
tile=	894,	1472,	416,	32,	32,	32,	32,
tile=	895,	1504,	416,	32,	32,	32,	32,
tile=	896,	1536,	416,	32,	32,	32,	32,
tile=	897,	1568,	416,	32,	32,	32,	32,
tile=	898,	1600,	416,	32,	32,	32,	32,
tile=	899,	1632,	416,	32,	32,	32,	32,
tile=	900,	1664,	416,	32,	32,	32,	32,
tile=	901,	1696,	416,	32,	32,	32,	32,
tile=	902,	1728,	416,	32,	32,	32,	32,
tile=	903,	1760,	416,	32,	32,	32,	32,
tile=	904,	1792,	416,	32,	32,	32,	32,
tile=	905,	1824,	416,	32,	32,	32,	32,
tile=	906,	1856,	416,	32,	32,	32,	32,
tile=	907,	1888,	416,	32,	32,	32,	32,
tile=	908,	1920,	416,	32,	32,	32,	32,
tile=	909,	1952,	416,	32,	32,	32,	32,
tile=	910,	1984,	416,	32,	32,	32,	32,
tile=	911,	2016,	416,	32,	32,	32,	32,
tile=	912,	0,	448,	32,	32,	32,	32,
tile=	913,	32,	448,	32,	32,	32,	32,
tile=	914,	64,	448,	32,	32,	32,	32,
tile=	915,	96,	448,	32,	32,	32,	32,
tile=	916,	128,	448,	32,	32,	32,	32,
tile=	917,	160,	448,	32,	32,	32,	32,
tile=	918,	192,	448,	32,	32,	32,	32,
animation=918;192,448,550;192,416,550
tile=	919,	224,	448,	32,	32,	32,	32,
tile=	920,	256,	448,	32,	32,	32,	32,
animation=920;256,448,550;256,416,550
tile=	921,	288,	448,	32,	32,	32,	32,
tile=	922,	320,	448,	32,	32,	32,	32,
tile=	923,	352,	448,	32,	32,	32,	32,
tile=	924,	384,	448,	32,	32,	32,	32,
tile=	925,	416,	448,	32,	32,	32,	32,
tile=	926,	448,	448,	32,	32,	32,	32,
tile=	927,	480,	448,	32,	32,	32,	32,
tile=	928,	512,	448,	32,	32,	32,	32,
tile=	929,	544,	448,	32,	32,	32,	32,
tile=	930,	576,	448,	32,	32,	32,	32,
tile=	931,	608,	448,	32,	32,	32,	32,
tile=	932,	640,	448,	32,	32,	32,	32,
tile=	933,	672,	448,	32,	32,	32,	32,
tile=	934,	704,	448,	32,	32,	32,	32,
tile=	935,	736,	448,	32,	32,	32,	32,
tile=	936,	768,	448,	32,	32,	32,	32,
tile=	937,	800,	448,	32,	32,	32,	32,
tile=	938,	832,	448,	32,	32,	32,	32,
tile=	939,	864,	448,	32,	32,	32,	32,
tile=	940,	896,	448,	32,	32,	32,	32,
tile=	941,	928,	448,	32,	32,	32,	32,
tile=	942,	960,	448,	32,	32,	32,	32,
tile=	943,	992,	448,	32,	32,	32,	32,
tile=	944,	1024,	448,	32,	32,	32,	32,
tile=	945,	1056,	448,	32,	32,	32,	32,
tile=	946,	1088,	448,	32,	32,	32,	32,
tile=	947,	1120,	448,	32,	32,	32,	32,
tile=	948,	1152,	448,	32,	32,	32,	32,
tile=	949,	1184,	448,	32,	32,	32,	32,
tile=	950,	1216,	448,	32,	32,	32,	32,
tile=	951,	1248,	448,	32,	32,	32,	32,
tile=	952,	1280,	448,	32,	32,	32,	32,
tile=	953,	1312,	448,	32,	32,	32,	32,
tile=	954,	1344,	448,	32,	32,	32,	32,
tile=	955,	1376,	448,	32,	32,	32,	32,
tile=	956,	1408,	448,	32,	32,	32,	32,
tile=	957,	1440,	448,	32,	32,	32,	32,
tile=	958,	1472,	448,	32,	32,	32,	32,
tile=	959,	1504,	448,	32,	32,	32,	32,
tile=	960,	1536,	448,	32,	32,	32,	32,
tile=	961,	1568,	448,	32,	32,	32,	32,
tile=	962,	1600,	448,	32,	32,	32,	32,
tile=	963,	1632,	448,	32,	32,	32,	32,
tile=	964,	1664,	448,	32,	32,	32,	32,
tile=	965,	1696,	448,	32,	32,	32,	32,
tile=	966,	1728,	448,	32,	32,	32,	32,
tile=	967,	1760,	448,	32,	32,	32,	32,
tile=	968,	1792,	448,	32,	32,	32,	32,
tile=	969,	1824,	448,	32,	32,	32,	32,
tile=	970,	1856,	448,	32,	32,	32,	32,
tile=	971,	1888,	448,	32,	32,	32,	32,
tile=	972,	1920,	448,	32,	32,	32,	32,
tile=	973,	1952,	448,	32,	32,	32,	32,
tile=	974,	1984,	448,	32,	32,	32,	32,
tile=	975,	2016,	448,	32,	32,	32,	32,
tile=	976,	0,	480,	32,	32,	32,	32,
tile=	977,	32,	480,	32,	32,	32,	32,
tile=	978,	64,	480,	32,	32,	32,	32,
tile=	979,	96,	480,	32,	32,	32,	32,
tile=	980,	128,	480,	32,	32,	32,	32,
tile=	981,	160,	480,	32,	32,	32,	32,
tile=	982,	192,	480,	32,	32,	32,	32,
tile=	983,	224,	480,	32,	32,	32,	32,
tile=	984,	256,	480,	32,	32,	32,	32,
tile=	985,	288,	480,	32,	32,	32,	32,
tile=	986,	320,	480,	32,	32,	32,	32,
tile=	987,	352,	480,	32,	32,	32,	32,
tile=	988,	384,	480,	32,	32,	32,	32,
tile=	989,	416,	480,	32,	32,	32,	32,
tile=	990,	448,	480,	32,	32,	32,	32,
tile=	991,	480,	480,	32,	32,	32,	32,
tile=	992,	512,	480,	32,	32,	32,	32,
tile=	993,	544,	480,	32,	32,	32,	32,
tile=	994,	576,	480,	32,	32,	32,	32,
tile=	995,	608,	480,	32,	32,	32,	32,
tile=	996,	640,	480,	32,	32,	32,	32,
tile=	997,	672,	480,	32,	32,	32,	32,
tile=	998,	704,	480,	32,	32,	32,	32,
tile=	999,	736,	480,	32,	32,	32,	32,
tile=	1000,	768,	480,	32,	32,	32,	32,
tile=	1001,	800,	480,	32,	32,	32,	32,
tile=	1002,	832,	480,	32,	32,	32,	32,
tile=	1003,	864,	480,	32,	32,	32,	32,
tile=	1004,	896,	480,	32,	32,	32,	32,
tile=	1005,	928,	480,	32,	32,	32,	32,
tile=	1006,	960,	480,	32,	32,	32,	32,
tile=	1007,	992,	480,	32,	32,	32,	32,
tile=	1008,	1024,	480,	32,	32,	32,	32,
tile=	1009,	1056,	480,	32,	32,	32,	32,
tile=	1010,	1088,	480,	32,	32,	32,	32,
tile=	1011,	1120,	480,	32,	32,	32,	32,
tile=	1012,	1152,	480,	32,	32,	32,	32,
tile=	1013,	1184,	480,	32,	32,	32,	32,
tile=	1014,	1216,	480,	32,	32,	32,	32,
tile=	1015,	1248,	480,	32,	32,	32,	32,
tile=	1016,	1280,	480,	32,	32,	32,	32,
tile=	1017,	1280,	352,	128,	160,	64,	160,
tile=	1018,	1344,	480,	32,	32,	32,	32,
tile=	1019,	1376,	480,	32,	32,	32,	32,
tile=	1020,	1408,	480,	32,	32,	32,	32,
tile=	1021,	1440,	480,	32,	32,	32,	32,
tile=	1022,	1472,	480,	32,	32,	32,	32,
tile=	1023,	1504,	480,	32,	32,	32,	32,
tile=	1024,	1536,	480,	32,	32,	32,	32,
tile=	1025,	1568,	480,	32,	32,	32,	32,
tile=	1026,	1600,	480,	32,	32,	32,	32,
tile=	1027,	1632,	480,	32,	32,	32,	32,
tile=	1028,	1664,	480,	32,	32,	32,	32,
tile=	1029,	1696,	480,	32,	32,	32,	32,
tile=	1030,	1728,	480,	32,	32,	32,	32,
tile=	1031,	1760,	480,	32,	32,	32,	32,
tile=	1032,	1728,	352,	160,	160,	96,	160,
tile=	1033,	1824,	480,	32,	32,	32,	32,
tile=	1034,	1856,	480,	32,	32,	32,	32,
tile=	1035,	1888,	480,	32,	32,	32,	32,
tile=	1036,	1920,	480,	32,	32,	32,	32,
tile=	1037,	1952,	480,	32,	32,	32,	32,
tile=	1038,	1984,	480,	32,	32,	32,	32,
tile=	1039,	2016,	480,	32,	32,	32,	32,
tile=	1040,	0,	512,	32,	32,	32,	32,
tile=	1041,	32,	512,	32,	32,	32,	32,
tile=	1042,	64,	512,	32,	32,	32,	32,
tile=	1043,	96,	512,	32,	32,	32,	32,
tile=	1044,	128,	512,	32,	32,	32,	32,
tile=	1045,	160,	512,	32,	32,	32,	32,
tile=	1046,	192,	512,	32,	32,	32,	32,
tile=	1047,	224,	512,	32,	32,	32,	32,
tile=	1048,	256,	480,	32,	64,	32,	64,
tile=	1049,	288,	512,	32,	32,	32,	32,
tile=	1050,	320,	512,	32,	32,	32,	32,
tile=	1051,	352,	512,	32,	32,	32,	32,
tile=	1052,	384,	512,	32,	32,	32,	32,
tile=	1053,	416,	512,	32,	32,	32,	32,
tile=	1054,	448,	512,	32,	32,	32,	32,
tile=	1055,	480,	512,	32,	32,	32,	32,
tile=	1056,	512,	512,	32,	32,	32,	32,
tile=	1057,	544,	512,	32,	32,	32,	32,
tile=	1058,	576,	512,	32,	32,	32,	32,
tile=	1059,	608,	512,	32,	32,	32,	32,
tile=	1060,	640,	512,	32,	32,	32,	32,
tile=	1061,	672,	512,	32,	32,	32,	32,
tile=	1062,	704,	512,	32,	32,	32,	32,
tile=	1063,	736,	512,	32,	32,	32,	32,
tile=	1064,	768,	512,	32,	32,	32,	32,
tile=	1065,	800,	512,	32,	32,	32,	32,
tile=	1066,	832,	512,	32,	32,	32,	32,
tile=	1067,	864,	512,	32,	32,	32,	32,
tile=	1068,	896,	512,	32,	32,	32,	32,
tile=	1069,	928,	512,	32,	32,	32,	32,
tile=	1070,	960,	512,	32,	32,	32,	32,
tile=	1071,	992,	512,	32,	32,	32,	32,
tile=	1072,	1024,	512,	32,	32,	32,	32,
tile=	1073,	1056,	512,	32,	32,	32,	32,
tile=	1074,	1088,	512,	32,	32,	32,	32,
tile=	1075,	1120,	512,	32,	32,	32,	32,
tile=	1076,	1152,	512,	32,	32,	32,	32,
tile=	1077,	1184,	512,	32,	32,	32,	32,
tile=	1078,	1216,	512,	32,	32,	32,	32,
tile=	1079,	1248,	512,	32,	32,	32,	32,
tile=	1080,	1280,	512,	32,	32,	32,	32,
tile=	1081,	1312,	512,	32,	32,	32,	32,
tile=	1082,	1344,	512,	32,	32,	32,	32,
tile=	1083,	1376,	512,	32,	32,	32,	32,
tile=	1084,	1408,	512,	32,	32,	32,	32,
tile=	1085,	1440,	512,	32,	32,	32,	32,
tile=	1086,	1472,	512,	32,	32,	32,	32,
tile=	1087,	1504,	512,	32,	32,	32,	32,
tile=	1088,	1536,	512,	32,	32,	32,	32,
tile=	1089,	1568,	512,	32,	32,	32,	32,
tile=	1090,	1600,	512,	32,	32,	32,	32,
tile=	1091,	1632,	512,	32,	32,	32,	32,
tile=	1092,	1664,	512,	32,	32,	32,	32,
tile=	1093,	1696,	512,	32,	32,	32,	32,
tile=	1094,	1728,	512,	32,	32,	32,	32,
tile=	1095,	1760,	512,	32,	32,	32,	32,
tile=	1096,	1792,	512,	32,	32,	32,	32,
tile=	1097,	1824,	512,	32,	32,	32,	32,
tile=	1098,	1856,	512,	32,	32,	32,	32,
tile=	1099,	1888,	512,	32,	32,	32,	32,
tile=	1100,	1920,	512,	32,	32,	32,	32,
tile=	1101,	1952,	512,	32,	32,	32,	32,
tile=	1102,	1984,	512,	32,	32,	32,	32,
tile=	1103,	2016,	512,	32,	32,	32,	32,
tile=	1104,	0,	544,	32,	32,	32,	32,
tile=	1105,	32,	544,	32,	32,	32,	32,
tile=	1106,	64,	544,	32,	32,	32,	32,
tile=	1107,	96,	544,	32,	32,	32,	32,
tile=	1108,	128,	544,	32,	32,	32,	32,
tile=	1109,	160,	544,	32,	32,	32,	32,
tile=	1110,	192,	544,	32,	32,	32,	32,
tile=	1111,	224,	544,	32,	32,	32,	32,
tile=	1112,	256,	544,	32,	32,	32,	32,
tile=	1113,	288,	544,	32,	32,	32,	32,
tile=	1114,	320,	544,	32,	32,	32,	32,
tile=	1115,	352,	544,	32,	32,	32,	32,
tile=	1116,	384,	544,	32,	32,	32,	32,
tile=	1117,	416,	544,	32,	32,	32,	32,
tile=	1118,	448,	544,	32,	32,	32,	32,
tile=	1119,	480,	544,	32,	32,	32,	32,
tile=	1120,	512,	544,	32,	32,	32,	32,
tile=	1121,	544,	544,	32,	32,	32,	32,
tile=	1122,	576,	544,	32,	32,	32,	32,
tile=	1123,	608,	544,	32,	32,	32,	32,
tile=	1124,	640,	544,	32,	32,	32,	32,
tile=	1125,	672,	544,	32,	32,	32,	32,
tile=	1126,	704,	544,	32,	32,	32,	32,
tile=	1127,	736,	544,	32,	32,	32,	32,
tile=	1128,	768,	544,	32,	32,	32,	32,
tile=	1129,	800,	544,	32,	32,	32,	32,
tile=	1130,	832,	544,	32,	32,	32,	32,
tile=	1131,	864,	544,	32,	32,	32,	32,
tile=	1132,	896,	544,	32,	32,	32,	32,
tile=	1133,	928,	544,	32,	32,	32,	32,
tile=	1134,	960,	544,	32,	32,	32,	32,
tile=	1135,	992,	544,	32,	32,	32,	32,
tile=	1136,	1024,	544,	32,	32,	32,	32,
tile=	1137,	1056,	544,	32,	32,	32,	32,
tile=	1138,	1088,	544,	32,	32,	32,	32,
tile=	1139,	1120,	544,	32,	32,	32,	32,
tile=	1140,	1152,	544,	32,	32,	32,	32,
tile=	1141,	1184,	544,	32,	32,	32,	32,
tile=	1142,	1216,	544,	32,	32,	32,	32,
tile=	1143,	1248,	544,	32,	32,	32,	32,
tile=	1144,	1280,	544,	32,	32,	32,	32,
tile=	1145,	1312,	544,	32,	32,	32,	32,
tile=	1146,	1344,	544,	32,	32,	32,	32,
tile=	1147,	1376,	544,	32,	32,	32,	32,
tile=	1148,	1408,	544,	32,	32,	32,	32,
tile=	1149,	1440,	544,	32,	32,	32,	32,
tile=	1150,	1472,	544,	32,	32,	32,	32,
tile=	1151,	1504,	544,	32,	32,	32,	32,
tile=	1152,	1536,	544,	32,	32,	32,	32,
tile=	1153,	1568,	544,	32,	32,	32,	32,
tile=	1154,	1600,	544,	32,	32,	32,	32,
tile=	1155,	1632,	544,	32,	32,	32,	32,
tile=	1156,	1664,	544,	32,	32,	32,	32,
tile=	1157,	1696,	544,	32,	32,	32,	32,
tile=	1158,	1728,	544,	32,	32,	32,	32,
tile=	1159,	1760,	544,	32,	32,	32,	32,
tile=	1160,	1792,	544,	32,	32,	32,	32,
tile=	1161,	1824,	544,	32,	32,	32,	32,
tile=	1162,	1856,	544,	32,	32,	32,	32,
tile=	1163,	1888,	544,	32,	32,	32,	32,
tile=	1164,	1920,	544,	32,	32,	32,	32,
tile=	1165,	1952,	544,	32,	32,	32,	32,
tile=	1166,	1984,	544,	32,	32,	32,	32,
tile=	1167,	2016,	544,	32,	32,	32,	32,
tile=	1168,	0,	576,	32,	32,	32,	32,
tile=	1169,	32,	576,	32,	32,	32,	32,
tile=	1170,	64,	576,	32,	32,	32,	32,
tile=	1171,	96,	576,	32,	32,	32,	32,
tile=	1172,	128,	576,	32,	32,	32,	32,
tile=	1173,	160,	576,	32,	32,	32,	32,
tile=	1174,	192,	576,	32,	32,	32,	32,
tile=	1175,	224,	576,	32,	32,	32,	32,
tile=	1176,	256,	576,	32,	32,	32,	32,
tile=	1177,	288,	576,	32,	32,	32,	32,
tile=	1178,	320,	576,	32,	32,	32,	32,
tile=	1179,	352,	576,	32,	32,	32,	32,
tile=	1180,	384,	576,	32,	32,	32,	32,
tile=	1181,	416,	576,	32,	32,	32,	32,
tile=	1182,	448,	576,	32,	32,	32,	32,
tile=	1183,	480,	576,	32,	32,	32,	32,
tile=	1184,	512,	576,	32,	32,	32,	32,
tile=	1185,	544,	544,	32,	64,	32,	64,
tile=	1186,	576,	576,	32,	32,	32,	32,
tile=	1187,	608,	576,	32,	32,	32,	32,
tile=	1188,	640,	576,	32,	32,	32,	32,
tile=	1189,	672,	576,	32,	32,	32,	32,
animation=1189;672,576,550;768,576,550
tile=	1190,	704,	576,	32,	32,	32,	32,
animation=1190;704,576,550;800,576,550
tile=	1191,	736,	576,	32,	32,	32,	32,
animation=1191;736,576,550;832,576,550
tile=	1192,	768,	576,	32,	32,	32,	32,
tile=	1193,	800,	576,	32,	32,	32,	32,
tile=	1194,	832,	576,	32,	32,	32,	32,
tile=	1195,	864,	576,	32,	32,	32,	32,
tile=	1196,	896,	576,	32,	32,	32,	32,
tile=	1197,	928,	576,	32,	32,	32,	32,
tile=	1198,	960,	576,	32,	32,	32,	32,
tile=	1199,	992,	576,	32,	32,	32,	32,
tile=	1200,	1024,	576,	32,	32,	32,	32,
tile=	1201,	1056,	576,	32,	32,	32,	32,
tile=	1202,	1088,	576,	32,	32,	32,	32,
tile=	1203,	1120,	576,	32,	32,	32,	32,
tile=	1204,	1152,	576,	32,	32,	32,	32,
tile=	1205,	1184,	576,	32,	32,	32,	32,
tile=	1206,	1216,	576,	32,	32,	32,	32,
tile=	1207,	1248,	576,	32,	32,	32,	32,
tile=	1208,	1280,	576,	32,	32,	32,	32,
tile=	1209,	1312,	576,	32,	32,	32,	32,
tile=	1210,	1344,	576,	32,	32,	32,	32,
tile=	1211,	1376,	576,	32,	32,	32,	32,
tile=	1212,	1408,	576,	32,	32,	32,	32,
tile=	1213,	1440,	576,	32,	32,	32,	32,
tile=	1214,	1472,	576,	32,	32,	32,	32,
tile=	1215,	1504,	576,	32,	32,	32,	32,
tile=	1216,	1536,	576,	32,	32,	32,	32,
tile=	1217,	1568,	576,	32,	32,	32,	32,
tile=	1218,	1600,	576,	32,	32,	32,	32,
tile=	1219,	1632,	576,	32,	32,	32,	32,
tile=	1220,	1664,	576,	32,	32,	32,	32,
tile=	1221,	1696,	576,	32,	32,	32,	32,
tile=	1222,	1728,	576,	32,	32,	32,	32,
tile=	1223,	1760,	576,	32,	32,	32,	32,
tile=	1224,	1792,	576,	32,	32,	32,	32,
tile=	1225,	1824,	576,	32,	32,	32,	32,
tile=	1226,	1856,	576,	32,	32,	32,	32,
tile=	1227,	1888,	576,	32,	32,	32,	32,
tile=	1228,	1920,	576,	32,	32,	32,	32,
tile=	1229,	1952,	576,	32,	32,	32,	32,
tile=	1230,	1984,	576,	32,	32,	32,	32,
animation=1230;1984,576,700;2016,576,700
tile=	1231,	2016,	576,	32,	32,	32,	32,
tile=	1232,	0,	608,	32,	32,	32,	32,
tile=	1233,	32,	608,	32,	32,	32,	32,
tile=	1234,	64,	608,	32,	32,	32,	32,
tile=	1235,	96,	608,	32,	32,	32,	32,
tile=	1236,	128,	608,	32,	32,	32,	32,
tile=	1237,	160,	608,	32,	32,	32,	32,
tile=	1238,	192,	608,	32,	32,	32,	32,
tile=	1239,	224,	608,	32,	32,	32,	32,
tile=	1240,	256,	608,	32,	32,	32,	32,
tile=	1241,	288,	608,	32,	32,	32,	32,
tile=	1242,	320,	608,	32,	32,	32,	32,
tile=	1243,	352,	608,	32,	32,	32,	32,
tile=	1244,	384,	608,	32,	32,	32,	32,
tile=	1245,	416,	608,	32,	32,	32,	32,
tile=	1246,	448,	608,	32,	32,	32,	32,
tile=	1247,	480,	608,	32,	32,	32,	32,
tile=	1248,	512,	608,	32,	32,	32,	32,
tile=	1249,	544,	608,	32,	32,	32,	32,
tile=	1250,	576,	608,	32,	32,	32,	32,
tile=	1251,	608,	608,	32,	32,	32,	32,
tile=	1252,	640,	608,	32,	32,	32,	32,
tile=	1253,	672,	608,	32,	32,	32,	32,
animation=1253;672,608,550;768,608,550
tile=	1254,	704,	608,	32,	32,	32,	32,
tile=	1255,	736,	608,	32,	32,	32,	32,
animation=1255;736,608,550;832,608,550
tile=	1256,	768,	608,	32,	32,	32,	32,
tile=	1257,	800,	608,	32,	32,	32,	32,
tile=	1258,	832,	608,	32,	32,	32,	32,
tile=	1259,	864,	608,	32,	32,	32,	32,
tile=	1260,	896,	608,	32,	32,	32,	32,
tile=	1261,	928,	608,	32,	32,	32,	32,
tile=	1262,	960,	608,	32,	32,	32,	32,
tile=	1263,	992,	608,	32,	32,	32,	32,
tile=	1264,	1024,	608,	32,	32,	32,	32,
tile=	1265,	1056,	608,	32,	32,	32,	32,
tile=	1266,	1088,	608,	32,	32,	32,	32,
tile=	1267,	1120,	608,	32,	32,	32,	32,
tile=	1268,	1152,	608,	32,	32,	32,	32,
tile=	1269,	1184,	608,	32,	32,	32,	32,
tile=	1270,	1216,	608,	32,	32,	32,	32,
tile=	1271,	1248,	608,	32,	32,	32,	32,
tile=	1272,	1280,	608,	32,	32,	32,	32,
tile=	1273,	1312,	608,	32,	32,	32,	32,
tile=	1274,	1344,	608,	32,	32,	32,	32,
tile=	1275,	1376,	608,	32,	32,	32,	32,
tile=	1276,	1408,	608,	32,	32,	32,	32,
tile=	1277,	1440,	608,	32,	32,	32,	32,
tile=	1278,	1472,	608,	32,	32,	32,	32,
tile=	1279,	1504,	608,	32,	32,	32,	32,
tile=	1280,	1536,	608,	32,	32,	32,	32,
tile=	1281,	1568,	608,	32,	32,	32,	32,
tile=	1282,	1600,	608,	32,	32,	32,	32,
tile=	1283,	1632,	608,	32,	32,	32,	32,
tile=	1284,	1664,	608,	32,	32,	32,	32,
tile=	1285,	1696,	608,	32,	32,	32,	32,
tile=	1286,	1728,	608,	32,	32,	32,	32,
tile=	1287,	1760,	608,	32,	32,	32,	32,
tile=	1288,	1792,	608,	32,	32,	32,	32,
tile=	1289,	1824,	608,	32,	32,	32,	32,
tile=	1290,	1856,	608,	32,	32,	32,	32,
tile=	1291,	1888,	608,	32,	32,	32,	32,
tile=	1292,	1920,	608,	32,	32,	32,	32,
tile=	1293,	1952,	608,	32,	32,	32,	32,
tile=	1294,	1984,	608,	32,	32,	32,	32,
animation=1294;1984,608,650;2016,608,650
tile=	1295,	2016,	608,	32,	32,	32,	32,
tile=	1296,	0,	640,	32,	32,	32,	32,
tile=	1297,	32,	640,	32,	32,	32,	32,
tile=	1298,	64,	640,	32,	32,	32,	32,
tile=	1299,	96,	640,	32,	32,	32,	32,
tile=	1300,	128,	640,	32,	32,	32,	32,
tile=	1301,	160,	640,	32,	32,	32,	32,
tile=	1302,	192,	640,	32,	32,	32,	32,
tile=	1303,	224,	640,	32,	32,	32,	32,
tile=	1304,	256,	640,	32,	32,	32,	32,
tile=	1305,	288,	640,	32,	32,	32,	32,
tile=	1306,	320,	640,	32,	32,	32,	32,
tile=	1307,	352,	640,	32,	32,	32,	32,
tile=	1308,	384,	640,	32,	32,	32,	32,
tile=	1309,	416,	640,	32,	32,	32,	32,
tile=	1310,	448,	640,	32,	32,	32,	32,
tile=	1311,	480,	640,	32,	32,	32,	32,
tile=	1312,	512,	640,	32,	32,	32,	32,
tile=	1313,	544,	640,	32,	32,	32,	32,
tile=	1314,	576,	640,	32,	32,	32,	32,
tile=	1315,	608,	640,	32,	32,	32,	32,
tile=	1316,	640,	640,	32,	32,	32,	32,
tile=	1317,	672,	640,	32,	32,	32,	32,
animation=1317;672,640,550;768,640,550
tile=	1318,	704,	640,	32,	32,	32,	32,
animation=1318;704,640,550;800,640,550
tile=	1319,	736,	640,	32,	32,	32,	32,
animation=1319;736,640,550;832,640,550
tile=	1320,	768,	640,	32,	32,	32,	32,
tile=	1321,	800,	640,	32,	32,	32,	32,
tile=	1322,	832,	640,	32,	32,	32,	32,
tile=	1323,	864,	640,	32,	32,	32,	32,
tile=	1324,	896,	640,	32,	32,	32,	32,
tile=	1325,	928,	640,	32,	32,	32,	32,
tile=	1326,	960,	640,	32,	32,	32,	32,
tile=	1327,	992,	640,	32,	32,	32,	32,
tile=	1328,	1024,	640,	32,	32,	32,	32,
tile=	1329,	1056,	640,	32,	32,	32,	32,
tile=	1330,	1088,	640,	32,	32,	32,	32,
tile=	1331,	1120,	640,	32,	32,	32,	32,
tile=	1332,	1152,	640,	32,	32,	32,	32,
tile=	1333,	1184,	640,	32,	32,	32,	32,
tile=	1334,	1216,	640,	32,	32,	32,	32,
tile=	1335,	1248,	640,	32,	32,	32,	32,
tile=	1336,	1280,	640,	32,	32,	32,	32,
tile=	1337,	1312,	640,	32,	32,	32,	32,
tile=	1338,	1344,	640,	32,	32,	32,	32,
tile=	1339,	1376,	640,	32,	32,	32,	32,
tile=	1340,	1408,	640,	32,	32,	32,	32,
tile=	1341,	1440,	640,	32,	32,	32,	32,
tile=	1342,	1472,	640,	32,	32,	32,	32,
tile=	1343,	1504,	640,	32,	32,	32,	32,
tile=	1344,	1536,	640,	32,	32,	32,	32,
tile=	1345,	1568,	640,	32,	32,	32,	32,
tile=	1346,	1600,	640,	32,	32,	32,	32,
tile=	1347,	1632,	640,	32,	32,	32,	32,
tile=	1348,	1664,	640,	32,	32,	32,	32,
tile=	1349,	1696,	640,	32,	32,	32,	32,
tile=	1350,	1728,	640,	32,	32,	32,	32,
tile=	1351,	1760,	640,	32,	32,	32,	32,
tile=	1352,	1792,	640,	32,	32,	32,	32,
tile=	1353,	1824,	640,	32,	32,	32,	32,
tile=	1354,	1856,	640,	32,	32,	32,	32,
tile=	1355,	1888,	640,	32,	32,	32,	32,
tile=	1356,	1920,	640,	32,	32,	32,	32,
tile=	1357,	1952,	640,	32,	32,	32,	32,
tile=	1358,	1984,	640,	32,	32,	32,	32,
tile=	1359,	2016,	640,	32,	32,	32,	32,
tile=	1360,	0,	672,	32,	32,	32,	32,
tile=	1361,	32,	672,	32,	32,	32,	32,
tile=	1362,	64,	672,	32,	32,	32,	32,
tile=	1363,	96,	672,	32,	32,	32,	32,
tile=	1364,	128,	672,	32,	32,	32,	32,
tile=	1365,	160,	672,	32,	32,	32,	32,
tile=	1366,	192,	672,	32,	32,	32,	32,
tile=	1367,	224,	672,	32,	32,	32,	32,
tile=	1368,	256,	672,	32,	32,	32,	32,
tile=	1369,	288,	672,	32,	32,	32,	32,
tile=	1370,	320,	672,	32,	32,	32,	32,
tile=	1371,	352,	672,	32,	32,	32,	32,
tile=	1372,	384,	672,	32,	32,	32,	32,
tile=	1373,	416,	672,	32,	32,	32,	32,
tile=	1374,	448,	672,	32,	32,	32,	32,
tile=	1375,	480,	672,	32,	32,	32,	32,
tile=	1376,	512,	672,	32,	32,	32,	32,
tile=	1377,	544,	672,	32,	32,	32,	32,
tile=	1378,	576,	672,	32,	32,	32,	32,
tile=	1379,	608,	672,	32,	32,	32,	32,
tile=	1380,	640,	672,	32,	32,	32,	32,
tile=	1381,	672,	672,	32,	32,	32,	32,
animation=1381;672,672,550;768,672,550
tile=	1382,	704,	672,	32,	32,	32,	32,
animation=1382;704,672,550;800,672,550
tile=	1383,	736,	672,	32,	32,	32,	32,
animation=1383;736,672,550;832,672,550
tile=	1384,	768,	672,	32,	32,	32,	32,
tile=	1385,	800,	672,	32,	32,	32,	32,
tile=	1386,	832,	672,	32,	32,	32,	32,
tile=	1387,	864,	672,	32,	32,	32,	32,
tile=	1388,	896,	672,	32,	32,	32,	32,
tile=	1389,	928,	672,	32,	32,	32,	32,
tile=	1390,	960,	672,	32,	32,	32,	32,
tile=	1391,	992,	672,	32,	32,	32,	32,
tile=	1392,	1024,	672,	32,	32,	32,	32,
tile=	1393,	1056,	672,	32,	32,	32,	32,
tile=	1394,	1088,	672,	32,	32,	32,	32,
tile=	1395,	1120,	672,	32,	32,	32,	32,
tile=	1396,	1152,	672,	32,	32,	32,	32,
tile=	1397,	1184,	672,	32,	32,	32,	32,
tile=	1398,	1216,	672,	32,	32,	32,	32,
tile=	1399,	1248,	672,	32,	32,	32,	32,
tile=	1400,	1280,	672,	32,	32,	32,	32,
tile=	1401,	1312,	672,	32,	32,	32,	32,
tile=	1402,	1344,	672,	32,	32,	32,	32,
tile=	1403,	1376,	672,	32,	32,	32,	32,
tile=	1404,	1408,	672,	32,	32,	32,	32,
tile=	1405,	1440,	672,	32,	32,	32,	32,
tile=	1406,	1472,	672,	32,	32,	32,	32,
tile=	1407,	1504,	672,	32,	32,	32,	32,
tile=	1408,	1536,	672,	32,	32,	32,	32,
tile=	1409,	1568,	672,	32,	32,	32,	32,
tile=	1410,	1600,	672,	32,	32,	32,	32,
tile=	1411,	1632,	672,	32,	32,	32,	32,
tile=	1412,	1664,	672,	32,	32,	32,	32,
tile=	1413,	1696,	672,	32,	32,	32,	32,
tile=	1414,	1728,	672,	32,	32,	32,	32,
tile=	1415,	1760,	672,	32,	32,	32,	32,
tile=	1416,	1792,	672,	32,	32,	32,	32,
tile=	1417,	1824,	672,	32,	32,	32,	32,
tile=	1418,	1856,	672,	32,	32,	32,	32,
tile=	1419,	1888,	672,	32,	32,	32,	32,
tile=	1420,	1920,	672,	32,	32,	32,	32,
tile=	1421,	1952,	672,	32,	32,	32,	32,
tile=	1422,	1984,	672,	32,	32,	32,	32,
tile=	1423,	2016,	672,	32,	32,	32,	32,
tile=	1424,	0,	704,	32,	32,	32,	32,
tile=	1425,	32,	704,	32,	32,	32,	32,
tile=	1426,	64,	704,	32,	32,	32,	32,
tile=	1427,	96,	704,	32,	32,	32,	32,
tile=	1428,	128,	704,	32,	32,	32,	32,
tile=	1429,	160,	704,	32,	32,	32,	32,
tile=	1430,	192,	704,	32,	32,	32,	32,
tile=	1431,	224,	704,	32,	32,	32,	32,
tile=	1432,	256,	704,	32,	32,	32,	32,
tile=	1433,	288,	704,	32,	32,	32,	32,
tile=	1434,	320,	704,	32,	32,	32,	32,
tile=	1435,	352,	704,	32,	32,	32,	32,
tile=	1436,	384,	704,	32,	32,	32,	32,
tile=	1437,	416,	704,	32,	32,	32,	32,
tile=	1438,	448,	704,	32,	32,	32,	32,
tile=	1439,	480,	704,	32,	32,	32,	32,
tile=	1440,	512,	704,	32,	32,	32,	32,
tile=	1441,	544,	704,	32,	32,	32,	32,
tile=	1442,	576,	704,	32,	32,	32,	32,
tile=	1443,	608,	704,	32,	32,	32,	32,
tile=	1444,	640,	704,	32,	32,	32,	32,
tile=	1445,	672,	704,	32,	32,	32,	32,
animation=1445;672,704,550;768,704,550
tile=	1446,	704,	704,	32,	32,	32,	32,
tile=	1447,	736,	704,	32,	32,	32,	32,
animation=1447;736,704,550;832,704,550
tile=	1448,	768,	704,	32,	32,	32,	32,
tile=	1449,	800,	704,	32,	32,	32,	32,
tile=	1450,	832,	704,	32,	32,	32,	32,
tile=	1451,	864,	704,	32,	32,	32,	32,
tile=	1452,	896,	704,	32,	32,	32,	32,
tile=	1453,	928,	704,	32,	32,	32,	32,
tile=	1454,	960,	704,	32,	32,	32,	32,
tile=	1455,	992,	704,	32,	32,	32,	32,
tile=	1456,	1024,	704,	32,	32,	32,	32,
tile=	1457,	1056,	704,	32,	32,	32,	32,
tile=	1458,	1088,	704,	32,	32,	32,	32,
tile=	1459,	1120,	704,	32,	32,	32,	32,
tile=	1460,	1152,	704,	32,	32,	32,	32,
tile=	1461,	1184,	704,	32,	32,	32,	32,
tile=	1462,	1216,	704,	32,	32,	32,	32,
tile=	1463,	1248,	704,	32,	32,	32,	32,
tile=	1464,	1280,	704,	32,	32,	32,	32,
tile=	1465,	1312,	704,	32,	32,	32,	32,
tile=	1466,	1344,	704,	32,	32,	32,	32,
tile=	1467,	1376,	704,	32,	32,	32,	32,
tile=	1468,	1408,	704,	32,	32,	32,	32,
tile=	1469,	1440,	704,	32,	32,	32,	32,
tile=	1470,	1472,	704,	32,	32,	32,	32,
tile=	1471,	1504,	704,	32,	32,	32,	32,
tile=	1472,	1536,	704,	32,	32,	32,	32,
tile=	1473,	1568,	704,	32,	32,	32,	32,
tile=	1474,	1600,	704,	32,	32,	32,	32,
tile=	1475,	1632,	704,	32,	32,	32,	32,
tile=	1476,	1664,	704,	32,	32,	32,	32,
tile=	1477,	1696,	704,	32,	32,	32,	32,
tile=	1478,	1728,	704,	32,	32,	32,	32,
tile=	1479,	1760,	704,	32,	32,	32,	32,
tile=	1480,	1792,	704,	32,	32,	32,	32,
tile=	1481,	1824,	704,	32,	32,	32,	32,
tile=	1482,	1856,	704,	32,	32,	32,	32,
tile=	1483,	1888,	704,	32,	32,	32,	32,
tile=	1484,	1920,	704,	32,	32,	32,	32,
tile=	1485,	1952,	704,	32,	32,	32,	32,
tile=	1486,	1984,	704,	32,	32,	32,	32,
tile=	1487,	2016,	704,	32,	32,	32,	32,
tile=	1488,	0,	736,	32,	32,	32,	32,
tile=	1489,	32,	736,	32,	32,	32,	32,
tile=	1490,	64,	736,	32,	32,	32,	32,
tile=	1491,	96,	736,	32,	32,	32,	32,
tile=	1492,	128,	736,	32,	32,	32,	32,
tile=	1493,	160,	736,	32,	32,	32,	32,
tile=	1494,	192,	736,	32,	32,	32,	32,
tile=	1495,	224,	736,	32,	32,	32,	32,
tile=	1496,	256,	736,	32,	32,	32,	32,
tile=	1497,	288,	736,	32,	32,	32,	32,
tile=	1498,	320,	736,	32,	32,	32,	32,
tile=	1499,	352,	736,	32,	32,	32,	32,
tile=	1500,	384,	736,	32,	32,	32,	32,
tile=	1501,	416,	736,	32,	32,	32,	32,
tile=	1502,	448,	736,	32,	32,	32,	32,
tile=	1503,	480,	736,	32,	32,	32,	32,
tile=	1504,	512,	736,	32,	32,	32,	32,
tile=	1505,	544,	736,	32,	32,	32,	32,
tile=	1506,	576,	736,	32,	32,	32,	32,
tile=	1507,	608,	736,	32,	32,	32,	32,
tile=	1508,	640,	736,	32,	32,	32,	32,
tile=	1509,	672,	736,	32,	32,	32,	32,
animation=1509;672,736,550;768,736,550
tile=	1510,	704,	736,	32,	32,	32,	32,
animation=1510;704,736,550;800,736,550
tile=	1511,	736,	736,	32,	32,	32,	32,
animation=1511;736,736,550;832,736,550
tile=	1512,	768,	736,	32,	32,	32,	32,
tile=	1513,	800,	736,	32,	32,	32,	32,
tile=	1514,	832,	736,	32,	32,	32,	32,
tile=	1515,	864,	736,	32,	32,	32,	32,
tile=	1516,	896,	736,	32,	32,	32,	32,
tile=	1517,	928,	736,	32,	32,	32,	32,
tile=	1518,	960,	736,	32,	32,	32,	32,
tile=	1519,	992,	736,	32,	32,	32,	32,
tile=	1520,	1024,	736,	32,	32,	32,	32,
tile=	1521,	1056,	736,	32,	32,	32,	32,
tile=	1522,	1088,	736,	32,	32,	32,	32,
tile=	1523,	1120,	736,	32,	32,	32,	32,
tile=	1524,	1152,	736,	32,	32,	32,	32,
tile=	1525,	1184,	736,	32,	32,	32,	32,
tile=	1526,	1216,	736,	32,	32,	32,	32,
tile=	1527,	1248,	736,	32,	32,	32,	32,
tile=	1528,	1280,	736,	32,	32,	32,	32,
tile=	1529,	1312,	736,	32,	32,	32,	32,
tile=	1530,	1344,	736,	32,	32,	32,	32,
tile=	1531,	1376,	736,	32,	32,	32,	32,
tile=	1532,	1408,	736,	32,	32,	32,	32,
tile=	1533,	1440,	736,	32,	32,	32,	32,
tile=	1534,	1472,	736,	32,	32,	32,	32,
tile=	1535,	1504,	736,	32,	32,	32,	32,
tile=	1536,	1536,	736,	32,	32,	32,	32,
tile=	1537,	1568,	736,	32,	32,	32,	32,
tile=	1538,	1600,	736,	32,	32,	32,	32,
tile=	1539,	1632,	736,	32,	32,	32,	32,
tile=	1540,	1664,	736,	32,	32,	32,	32,
tile=	1541,	1696,	736,	32,	32,	32,	32,
tile=	1542,	1728,	736,	32,	32,	32,	32,
tile=	1543,	1760,	736,	32,	32,	32,	32,
tile=	1544,	1792,	736,	32,	32,	32,	32,
tile=	1545,	1824,	736,	32,	32,	32,	32,
tile=	1546,	1856,	736,	32,	32,	32,	32,
tile=	1547,	1888,	736,	32,	32,	32,	32,
tile=	1548,	1920,	736,	32,	32,	32,	32,
tile=	1549,	1952,	736,	32,	32,	32,	32,
tile=	1550,	1984,	736,	32,	32,	32,	32,
tile=	1551,	2016,	736,	32,	32,	32,	32,
tile=	1552,	0,	768,	32,	32,	32,	32,
tile=	1553,	32,	768,	32,	32,	32,	32,
tile=	1554,	64,	768,	32,	32,	32,	32,
tile=	1555,	96,	768,	32,	32,	32,	32,
tile=	1556,	128,	768,	32,	32,	32,	32,
tile=	1557,	160,	768,	32,	32,	32,	32,
tile=	1558,	192,	768,	32,	32,	32,	32,
tile=	1559,	224,	768,	32,	32,	32,	32,
tile=	1560,	256,	768,	32,	32,	32,	32,
tile=	1561,	288,	768,	32,	32,	32,	32,
tile=	1562,	320,	768,	32,	32,	32,	32,
tile=	1563,	352,	768,	32,	32,	32,	32,
tile=	1564,	384,	768,	32,	32,	32,	32,
tile=	1565,	416,	768,	32,	32,	32,	32,
tile=	1566,	448,	768,	32,	32,	32,	32,
tile=	1567,	480,	768,	32,	32,	32,	32,
tile=	1568,	512,	768,	32,	32,	32,	32,
tile=	1569,	544,	768,	32,	32,	32,	32,
tile=	1570,	576,	768,	32,	32,	32,	32,
tile=	1571,	608,	768,	32,	32,	32,	32,
tile=	1572,	640,	768,	32,	32,	32,	32,
tile=	1573,	672,	768,	32,	32,	32,	32,
tile=	1574,	704,	768,	32,	32,	32,	32,
tile=	1575,	736,	768,	32,	32,	32,	32,
animation=1575;736,768,550;672,768,550
tile=	1576,	768,	768,	32,	32,	32,	32,
animation=1576;768,768,550;704,768,550
tile=	1577,	800,	768,	32,	32,	32,	32,
tile=	1578,	832,	768,	32,	32,	32,	32,
tile=	1579,	864,	768,	32,	32,	32,	32,
animation=1579;864,768,550;896,768,550;928,768,550
tile=	1580,	896,	768,	32,	32,	32,	32,
tile=	1581,	928,	768,	32,	32,	32,	32,
tile=	1582,	960,	768,	32,	32,	32,	32,
tile=	1583,	992,	768,	32,	32,	32,	32,
tile=	1584,	1024,	768,	32,	32,	32,	32,
tile=	1585,	1056,	768,	32,	32,	32,	32,
tile=	1586,	1088,	768,	32,	32,	32,	32,
tile=	1587,	1120,	768,	32,	32,	32,	32,
tile=	1588,	1152,	768,	32,	32,	32,	32,
tile=	1589,	1184,	768,	32,	32,	32,	32,
tile=	1590,	1216,	768,	32,	32,	32,	32,
tile=	1591,	1248,	768,	32,	32,	32,	32,
tile=	1592,	1280,	768,	32,	32,	32,	32,
tile=	1593,	1312,	768,	32,	32,	32,	32,
tile=	1594,	1344,	768,	32,	32,	32,	32,
tile=	1595,	1376,	768,	32,	32,	32,	32,
tile=	1596,	1408,	768,	32,	32,	32,	32,
tile=	1597,	1440,	768,	32,	32,	32,	32,
tile=	1598,	1472,	768,	32,	32,	32,	32,
tile=	1599,	1504,	768,	32,	32,	32,	32,
tile=	1600,	1536,	768,	32,	32,	32,	32,
tile=	1601,	1568,	768,	32,	32,	32,	32,
tile=	1602,	1600,	768,	32,	32,	32,	32,
tile=	1603,	1632,	768,	32,	32,	32,	32,
tile=	1604,	1664,	768,	32,	32,	32,	32,
tile=	1605,	1696,	768,	32,	32,	32,	32,
tile=	1606,	1728,	768,	32,	32,	32,	32,
tile=	1607,	1760,	768,	32,	32,	32,	32,
tile=	1608,	1792,	768,	32,	32,	32,	32,
tile=	1609,	1824,	768,	32,	32,	32,	32,
tile=	1610,	1856,	768,	32,	32,	32,	32,
tile=	1611,	1888,	768,	32,	32,	32,	32,
tile=	1612,	1920,	768,	32,	32,	32,	32,
tile=	1613,	1952,	768,	32,	32,	32,	32,
tile=	1614,	1984,	768,	32,	32,	32,	32,
tile=	1615,	2016,	768,	32,	32,	32,	32,
tile=	1616,	0,	800,	32,	32,	32,	32,
tile=	1617,	32,	800,	32,	32,	32,	32,
tile=	1618,	64,	800,	32,	32,	32,	32,
tile=	1619,	96,	800,	32,	32,	32,	32,
tile=	1620,	128,	800,	32,	32,	32,	32,
tile=	1621,	160,	800,	32,	32,	32,	32,
tile=	1622,	192,	800,	32,	32,	32,	32,
tile=	1623,	224,	800,	32,	32,	32,	32,
tile=	1624,	256,	800,	32,	32,	32,	32,
tile=	1625,	288,	800,	32,	32,	32,	32,
tile=	1626,	320,	800,	32,	32,	32,	32,
tile=	1627,	352,	800,	32,	32,	32,	32,
tile=	1628,	384,	800,	32,	32,	32,	32,
tile=	1629,	416,	800,	32,	32,	32,	32,
tile=	1630,	448,	800,	32,	32,	32,	32,
tile=	1631,	480,	800,	32,	32,	32,	32,
tile=	1632,	512,	800,	32,	32,	32,	32,
tile=	1633,	544,	800,	32,	32,	32,	32,
tile=	1634,	576,	800,	32,	32,	32,	32,
tile=	1635,	608,	800,	32,	32,	32,	32,
tile=	1636,	640,	800,	32,	32,	32,	32,
tile=	1637,	672,	800,	32,	32,	32,	32,
tile=	1638,	704,	800,	32,	32,	32,	32,
tile=	1639,	736,	800,	32,	32,	32,	32,
animation=1639;736,800,550;672,800,550
tile=	1640,	768,	800,	32,	32,	32,	32,
animation=1640;768,800,550;704,800,550
tile=	1641,	800,	800,	32,	32,	32,	32,
tile=	1642,	832,	800,	32,	32,	32,	32,
tile=	1643,	864,	800,	32,	32,	32,	32,
animation=1643;864,800,550;896,800,550;928,800,550
tile=	1644,	896,	800,	32,	32,	32,	32,
tile=	1645,	928,	800,	32,	32,	32,	32,
tile=	1646,	960,	800,	32,	32,	32,	32,
tile=	1647,	992,	800,	32,	32,	32,	32,
tile=	1648,	1024,	800,	32,	32,	32,	32,
tile=	1649,	1056,	800,	32,	32,	32,	32,
tile=	1650,	1088,	800,	32,	32,	32,	32,
tile=	1651,	1120,	800,	32,	32,	32,	32,
tile=	1652,	1152,	800,	32,	32,	32,	32,
tile=	1653,	1184,	800,	32,	32,	32,	32,
tile=	1654,	1216,	800,	32,	32,	32,	32,
tile=	1655,	1248,	800,	32,	32,	32,	32,
tile=	1656,	1280,	800,	32,	32,	32,	32,
tile=	1657,	1312,	800,	32,	32,	32,	32,
tile=	1658,	1344,	800,	32,	32,	32,	32,
tile=	1659,	1376,	800,	32,	32,	32,	32,
tile=	1660,	1408,	800,	32,	32,	32,	32,
tile=	1661,	1440,	800,	32,	32,	32,	32,
tile=	1662,	1472,	800,	32,	32,	32,	32,
tile=	1663,	1504,	800,	32,	32,	32,	32,
tile=	1664,	1536,	800,	32,	32,	32,	32,
tile=	1665,	1568,	800,	32,	32,	32,	32,
tile=	1666,	1600,	800,	32,	32,	32,	32,
tile=	1667,	1632,	800,	32,	32,	32,	32,
tile=	1668,	1664,	800,	32,	32,	32,	32,
tile=	1669,	1696,	800,	32,	32,	32,	32,
tile=	1670,	1728,	800,	32,	32,	32,	32,
tile=	1671,	1760,	800,	32,	32,	32,	32,
tile=	1672,	1792,	800,	32,	32,	32,	32,
tile=	1673,	1824,	800,	32,	32,	32,	32,
tile=	1674,	1856,	800,	32,	32,	32,	32,
tile=	1675,	1888,	800,	32,	32,	32,	32,
tile=	1676,	1920,	800,	32,	32,	32,	32,
tile=	1677,	1952,	800,	32,	32,	32,	32,
tile=	1678,	1984,	800,	32,	32,	32,	32,
tile=	1679,	2016,	800,	32,	32,	32,	32,
tile=	1680,	0,	832,	32,	32,	32,	32,
tile=	1681,	32,	832,	32,	32,	32,	32,
tile=	1682,	64,	832,	32,	32,	32,	32,
tile=	1683,	96,	832,	32,	32,	32,	32,
tile=	1684,	128,	832,	32,	32,	32,	32,
tile=	1685,	160,	832,	32,	32,	32,	32,
tile=	1686,	192,	832,	32,	32,	32,	32,
tile=	1687,	224,	832,	32,	32,	32,	32,
tile=	1688,	256,	832,	32,	32,	32,	32,
tile=	1689,	288,	832,	32,	32,	32,	32,
tile=	1690,	320,	832,	32,	32,	32,	32,
tile=	1691,	352,	832,	32,	32,	32,	32,
tile=	1692,	384,	832,	32,	32,	32,	32,
tile=	1693,	416,	832,	32,	32,	32,	32,
tile=	1694,	448,	832,	32,	32,	32,	32,
tile=	1695,	480,	832,	32,	32,	32,	32,
tile=	1696,	512,	832,	32,	32,	32,	32,
tile=	1697,	544,	832,	32,	32,	32,	32,
tile=	1698,	576,	832,	32,	32,	32,	32,
tile=	1699,	608,	832,	32,	32,	32,	32,
tile=	1700,	640,	832,	32,	32,	32,	32,
tile=	1701,	672,	832,	32,	32,	32,	32,
tile=	1702,	704,	832,	32,	32,	32,	32,
tile=	1703,	736,	832,	32,	32,	32,	32,
tile=	1704,	768,	832,	32,	32,	32,	32,
tile=	1705,	800,	832,	32,	32,	32,	32,
tile=	1706,	832,	832,	32,	32,	32,	32,
tile=	1707,	864,	832,	32,	32,	32,	32,
animation=1707;864,832,550;896,832,550;928,832,550
tile=	1708,	896,	832,	32,	32,	32,	32,
tile=	1709,	928,	832,	32,	32,	32,	32,
tile=	1710,	960,	832,	32,	32,	32,	32,
tile=	1711,	992,	832,	32,	32,	32,	32,
tile=	1712,	1024,	832,	32,	32,	32,	32,
tile=	1713,	1056,	832,	32,	32,	32,	32,
tile=	1714,	1088,	832,	32,	32,	32,	32,
tile=	1715,	1120,	832,	32,	32,	32,	32,
tile=	1716,	1152,	832,	32,	32,	32,	32,
tile=	1717,	1184,	832,	32,	32,	32,	32,
tile=	1718,	1216,	832,	32,	32,	32,	32,
tile=	1719,	1248,	832,	32,	32,	32,	32,
tile=	1720,	1280,	832,	32,	32,	32,	32,
tile=	1721,	1312,	832,	32,	32,	32,	32,
tile=	1722,	1344,	832,	32,	32,	32,	32,
tile=	1723,	1376,	832,	32,	32,	32,	32,
tile=	1724,	1408,	832,	32,	32,	32,	32,
tile=	1725,	1440,	832,	32,	32,	32,	32,
tile=	1726,	1472,	832,	32,	32,	32,	32,
tile=	1727,	1504,	832,	32,	32,	32,	32,
tile=	1728,	1536,	832,	32,	32,	32,	32,
tile=	1729,	1568,	832,	32,	32,	32,	32,
tile=	1730,	1600,	832,	32,	32,	32,	32,
tile=	1731,	1632,	832,	32,	32,	32,	32,
tile=	1732,	1664,	832,	32,	32,	32,	32,
tile=	1733,	1696,	832,	32,	32,	32,	32,
tile=	1734,	1728,	832,	32,	32,	32,	32,
tile=	1735,	1760,	832,	32,	32,	32,	32,
tile=	1736,	1792,	832,	32,	32,	32,	32,
tile=	1737,	1824,	832,	32,	32,	32,	32,
tile=	1738,	1856,	832,	32,	32,	32,	32,
tile=	1739,	1888,	832,	32,	32,	32,	32,
tile=	1740,	1920,	832,	32,	32,	32,	32,
tile=	1741,	1952,	832,	32,	32,	32,	32,
tile=	1742,	1984,	832,	32,	32,	32,	32,
tile=	1743,	2016,	832,	32,	32,	32,	32,
tile=	1744,	0,	864,	32,	32,	32,	32,
tile=	1745,	32,	864,	32,	32,	32,	32,
tile=	1746,	64,	864,	32,	32,	32,	32,
tile=	1747,	96,	864,	32,	32,	32,	32,
tile=	1748,	128,	864,	32,	32,	32,	32,
tile=	1749,	160,	864,	32,	32,	32,	32,
tile=	1750,	192,	864,	32,	32,	32,	32,
tile=	1751,	224,	864,	32,	32,	32,	32,
tile=	1752,	256,	864,	32,	32,	32,	32,
tile=	1753,	288,	864,	32,	32,	32,	32,
tile=	1754,	320,	864,	32,	32,	32,	32,
tile=	1755,	352,	864,	32,	32,	32,	32,
tile=	1756,	384,	864,	32,	32,	32,	32,
tile=	1757,	416,	864,	32,	32,	32,	32,
tile=	1758,	448,	864,	32,	32,	32,	32,
tile=	1759,	480,	864,	32,	32,	32,	32,
tile=	1760,	512,	864,	32,	32,	32,	32,
tile=	1761,	544,	864,	32,	32,	32,	32,
tile=	1762,	576,	864,	32,	32,	32,	32,
tile=	1763,	608,	864,	32,	32,	32,	32,
tile=	1764,	640,	864,	32,	32,	32,	32,
tile=	1765,	672,	864,	32,	32,	32,	32,
tile=	1766,	704,	864,	32,	32,	32,	32,
tile=	1767,	736,	864,	32,	32,	32,	32,
tile=	1768,	768,	864,	32,	32,	32,	32,
tile=	1769,	800,	864,	32,	32,	32,	32,
tile=	1770,	832,	864,	32,	32,	32,	32,
tile=	1771,	864,	864,	32,	32,	32,	32,
tile=	1772,	896,	864,	32,	32,	32,	32,
tile=	1773,	928,	864,	32,	32,	32,	32,
tile=	1774,	960,	864,	32,	32,	32,	32,
tile=	1775,	992,	864,	32,	32,	32,	32,
tile=	1776,	992,	704,	128,	192,	64,	192,
tile=	1777,	992,	704,	128,	192,	96,	192,
tile=	1778,	1088,	864,	32,	32,	32,	32,
tile=	1779,	1120,	864,	32,	32,	32,	32,
tile=	1780,	1152,	864,	32,	32,	32,	32,
tile=	1781,	1184,	864,	32,	32,	32,	32,
tile=	1782,	1216,	864,	32,	32,	32,	32,
tile=	1783,	1248,	864,	32,	32,	32,	32,
tile=	1784,	1280,	864,	32,	32,	32,	32,
tile=	1785,	1312,	864,	32,	32,	32,	32,
tile=	1786,	1344,	864,	32,	32,	32,	32,
tile=	1787,	1376,	864,	32,	32,	32,	32,
tile=	1788,	1408,	864,	32,	32,	32,	32,
tile=	1789,	1440,	864,	32,	32,	32,	32,
tile=	1790,	1472,	864,	32,	32,	32,	32,
tile=	1791,	1504,	864,	32,	32,	32,	32,
tile=	1792,	1536,	864,	32,	32,	32,	32,
tile=	1793,	1568,	864,	32,	32,	32,	32,
tile=	1794,	1600,	864,	32,	32,	32,	32,
tile=	1795,	1632,	864,	32,	32,	32,	32,
tile=	1796,	1664,	864,	32,	32,	32,	32,
tile=	1797,	1696,	864,	32,	32,	32,	32,
tile=	1798,	1728,	864,	32,	32,	32,	32,
tile=	1799,	1760,	864,	32,	32,	32,	32,
tile=	1800,	1792,	864,	32,	32,	32,	32,
tile=	1801,	1824,	864,	32,	32,	32,	32,
tile=	1802,	1856,	864,	32,	32,	32,	32,
tile=	1803,	1888,	864,	32,	32,	32,	32,
tile=	1804,	1920,	864,	32,	32,	32,	32,
tile=	1805,	1952,	864,	32,	32,	32,	32,
tile=	1806,	1984,	864,	32,	32,	32,	32,
tile=	1807,	2016,	864,	32,	32,	32,	32,
tile=	1808,	0,	896,	32,	32,	32,	32,
tile=	1809,	32,	896,	32,	32,	32,	32,
tile=	1810,	64,	896,	32,	32,	32,	32,
tile=	1811,	96,	896,	32,	32,	32,	32,
tile=	1812,	128,	896,	32,	32,	32,	32,
tile=	1813,	160,	896,	32,	32,	32,	32,
tile=	1814,	192,	896,	32,	32,	32,	32,
tile=	1815,	224,	896,	32,	32,	32,	32,
tile=	1816,	256,	896,	32,	32,	32,	32,
tile=	1817,	288,	896,	32,	32,	32,	32,
tile=	1818,	320,	896,	32,	32,	32,	32,
tile=	1819,	352,	896,	32,	32,	32,	32,
tile=	1820,	384,	896,	32,	32,	32,	32,
tile=	1821,	416,	896,	32,	32,	32,	32,
tile=	1822,	448,	896,	32,	32,	32,	32,
tile=	1823,	480,	896,	32,	32,	32,	32,
tile=	1824,	512,	896,	32,	32,	32,	32,
tile=	1825,	544,	896,	32,	32,	32,	32,
tile=	1826,	576,	896,	32,	32,	32,	32,
tile=	1827,	608,	896,	32,	32,	32,	32,
tile=	1828,	640,	896,	32,	32,	32,	32,
tile=	1829,	672,	896,	32,	32,	32,	32,
tile=	1830,	704,	896,	32,	32,	32,	32,
tile=	1831,	736,	896,	32,	32,	32,	32,
tile=	1832,	768,	896,	32,	32,	32,	32,
tile=	1833,	800,	896,	32,	32,	32,	32,
tile=	1834,	832,	896,	32,	32,	32,	32,
tile=	1835,	864,	896,	32,	32,	32,	32,
tile=	1836,	896,	896,	32,	32,	32,	32,
tile=	1837,	928,	896,	32,	32,	32,	32,
tile=	1838,	960,	896,	32,	32,	32,	32,
tile=	1839,	992,	896,	32,	32,	32,	32,
tile=	1840,	1024,	896,	32,	32,	32,	32,
tile=	1841,	1056,	896,	32,	32,	32,	32,
tile=	1842,	1088,	896,	32,	32,	32,	32,
tile=	1843,	1120,	896,	32,	32,	32,	32,
tile=	1844,	1152,	896,	32,	32,	32,	32,
tile=	1845,	1184,	896,	32,	32,	32,	32,
tile=	1846,	1216,	896,	32,	32,	32,	32,
tile=	1847,	1248,	896,	32,	32,	32,	32,
tile=	1848,	1280,	896,	32,	32,	32,	32,
tile=	1849,	1312,	896,	32,	32,	32,	32,
tile=	1850,	1344,	896,	32,	32,	32,	32,
tile=	1851,	1376,	896,	32,	32,	32,	32,
tile=	1852,	1408,	896,	32,	32,	32,	32,
tile=	1853,	1440,	896,	32,	32,	32,	32,
tile=	1854,	1472,	896,	32,	32,	32,	32,
tile=	1855,	1504,	896,	32,	32,	32,	32,
tile=	1856,	1536,	896,	32,	32,	32,	32,
tile=	1857,	1568,	896,	32,	32,	32,	32,
tile=	1858,	1600,	896,	32,	32,	32,	32,
tile=	1859,	1632,	896,	32,	32,	32,	32,
tile=	1860,	1664,	896,	32,	32,	32,	32,
tile=	1861,	1696,	896,	32,	32,	32,	32,
tile=	1862,	1728,	896,	32,	32,	32,	32,
tile=	1863,	1760,	896,	32,	32,	32,	32,
tile=	1864,	1792,	896,	32,	32,	32,	32,
tile=	1865,	1824,	896,	32,	32,	32,	32,
tile=	1866,	1856,	896,	32,	32,	32,	32,
tile=	1867,	1888,	896,	32,	32,	32,	32,
tile=	1868,	1920,	896,	32,	32,	32,	32,
tile=	1869,	1952,	896,	32,	32,	32,	32,
tile=	1870,	1984,	896,	32,	32,	32,	32,
tile=	1871,	2016,	896,	32,	32,	32,	32,
tile=	1872,	0,	928,	32,	32,	32,	32,
tile=	1873,	32,	928,	32,	32,	32,	32,
tile=	1874,	64,	928,	32,	32,	32,	32,
tile=	1875,	96,	928,	32,	32,	32,	32,
tile=	1876,	128,	928,	32,	32,	32,	32,
tile=	1877,	160,	928,	32,	32,	32,	32,
tile=	1878,	192,	928,	32,	32,	32,	32,
tile=	1879,	224,	928,	32,	32,	32,	32,
tile=	1880,	256,	928,	32,	32,	32,	32,
tile=	1881,	288,	928,	32,	32,	32,	32,
tile=	1882,	320,	928,	32,	32,	32,	32,
tile=	1883,	352,	928,	32,	32,	32,	32,
tile=	1884,	384,	928,	32,	32,	32,	32,
tile=	1885,	416,	928,	32,	32,	32,	32,
tile=	1886,	448,	928,	32,	32,	32,	32,
tile=	1887,	480,	928,	32,	32,	32,	32,
tile=	1888,	512,	928,	32,	32,	32,	32,
tile=	1889,	544,	928,	32,	32,	32,	32,
tile=	1890,	576,	928,	32,	32,	32,	32,
tile=	1891,	608,	928,	32,	32,	32,	32,
tile=	1892,	640,	928,	32,	32,	32,	32,
tile=	1893,	672,	928,	32,	32,	32,	32,
tile=	1894,	704,	928,	32,	32,	32,	32,
tile=	1895,	736,	928,	32,	32,	32,	32,
tile=	1896,	768,	928,	32,	32,	32,	32,
tile=	1897,	800,	928,	32,	32,	32,	32,
tile=	1898,	832,	928,	32,	32,	32,	32,
tile=	1899,	864,	928,	32,	32,	32,	32,
tile=	1900,	896,	928,	32,	32,	32,	32,
tile=	1901,	928,	928,	32,	32,	32,	32,
tile=	1902,	960,	928,	32,	32,	32,	32,
tile=	1903,	992,	928,	32,	32,	32,	32,
tile=	1904,	1024,	928,	32,	32,	32,	32,
tile=	1905,	1056,	928,	32,	32,	32,	32,
tile=	1906,	1088,	928,	32,	32,	32,	32,
tile=	1907,	1120,	928,	32,	32,	32,	32,
tile=	1908,	1152,	928,	32,	32,	32,	32,
tile=	1909,	1184,	928,	32,	32,	32,	32,
tile=	1910,	1216,	928,	32,	32,	32,	32,
tile=	1911,	1248,	928,	32,	32,	32,	32,
tile=	1912,	1280,	928,	32,	32,	32,	32,
tile=	1913,	1312,	928,	32,	32,	32,	32,
tile=	1914,	1344,	928,	32,	32,	32,	32,
tile=	1915,	1376,	928,	32,	32,	32,	32,
tile=	1916,	1408,	928,	32,	32,	32,	32,
tile=	1917,	1440,	928,	32,	32,	32,	32,
tile=	1918,	1472,	928,	32,	32,	32,	32,
tile=	1919,	1504,	928,	32,	32,	32,	32,
tile=	1920,	1536,	928,	32,	32,	32,	32,
tile=	1921,	1568,	928,	32,	32,	32,	32,
tile=	1922,	1600,	928,	32,	32,	32,	32,
tile=	1923,	1632,	928,	32,	32,	32,	32,
tile=	1924,	1664,	928,	32,	32,	32,	32,
tile=	1925,	1696,	928,	32,	32,	32,	32,
tile=	1926,	1728,	928,	32,	32,	32,	32,
tile=	1927,	1760,	928,	32,	32,	32,	32,
tile=	1928,	1792,	928,	32,	32,	32,	32,
tile=	1929,	1824,	928,	32,	32,	32,	32,
tile=	1930,	1856,	928,	32,	32,	32,	32,
tile=	1931,	1888,	928,	32,	32,	32,	32,
tile=	1932,	1920,	928,	32,	32,	32,	32,
tile=	1933,	1952,	928,	32,	32,	32,	32,
tile=	1934,	1984,	928,	32,	32,	32,	32,
tile=	1935,	2016,	928,	32,	32,	32,	32,
tile=	1936,	0,	960,	32,	32,	32,	32,
tile=	1937,	32,	960,	32,	32,	32,	32,
tile=	1938,	64,	960,	32,	32,	32,	32,
tile=	1939,	96,	960,	32,	32,	32,	32,
tile=	1940,	128,	960,	32,	32,	32,	32,
tile=	1941,	160,	960,	32,	32,	32,	32,
tile=	1942,	192,	960,	32,	32,	32,	32,
tile=	1943,	224,	960,	32,	32,	32,	32,
tile=	1944,	256,	960,	32,	32,	32,	32,
tile=	1945,	288,	800,	96,	192,	32,	192,
animation=1945;288,800,550;384,800,550;480,800,550;576,800,550
tile=	1946,	320,	960,	32,	32,	32,	32,
tile=	1947,	352,	960,	32,	32,	32,	32,
tile=	1948,	384,	960,	32,	32,	32,	32,
tile=	1949,	416,	960,	32,	32,	32,	32,
tile=	1950,	448,	960,	32,	32,	32,	32,
tile=	1951,	480,	960,	32,	32,	32,	32,
tile=	1952,	512,	960,	32,	32,	32,	32,
tile=	1953,	544,	960,	32,	32,	32,	32,
tile=	1954,	576,	960,	32,	32,	32,	32,
tile=	1955,	608,	960,	32,	32,	32,	32,
tile=	1956,	640,	960,	32,	32,	32,	32,
tile=	1957,	672,	960,	32,	32,	32,	32,
tile=	1958,	704,	960,	32,	32,	32,	32,
tile=	1959,	736,	960,	32,	32,	32,	32,
tile=	1960,	768,	960,	32,	32,	32,	32,
tile=	1961,	800,	960,	32,	32,	32,	32,
tile=	1962,	832,	960,	32,	32,	32,	32,
tile=	1963,	864,	960,	32,	32,	32,	32,
tile=	1964,	896,	960,	32,	32,	32,	32,
tile=	1965,	928,	960,	32,	32,	32,	32,
tile=	1966,	960,	960,	32,	32,	32,	32,
tile=	1967,	992,	960,	32,	32,	32,	32,
tile=	1968,	1024,	960,	32,	32,	32,	32,
tile=	1969,	1056,	960,	32,	32,	32,	32,
tile=	1970,	1088,	960,	32,	32,	32,	32,
tile=	1971,	1120,	960,	32,	32,	32,	32,
tile=	1972,	1152,	960,	32,	32,	32,	32,
tile=	1973,	1184,	960,	32,	32,	32,	32,
tile=	1974,	1216,	960,	32,	32,	32,	32,
tile=	1975,	1120,	704,	288,	320,	160,	288,
tile=	1976,	1280,	960,	32,	32,	32,	32,
tile=	1977,	1312,	960,	32,	32,	32,	32,
tile=	1978,	1344,	960,	32,	32,	32,	32,
tile=	1979,	1376,	960,	32,	32,	32,	32,
tile=	1980,	1408,	960,	32,	32,	32,	32,
tile=	1981,	1440,	960,	32,	32,	32,	32,
tile=	1982,	1472,	960,	32,	32,	32,	32,
tile=	1983,	1504,	960,	32,	32,	32,	32,
tile=	1984,	1536,	960,	32,	32,	32,	32,
tile=	1985,	1568,	960,	32,	32,	32,	32,
tile=	1986,	1600,	960,	32,	32,	32,	32,
tile=	1987,	1632,	960,	32,	32,	32,	32,
tile=	1988,	1664,	960,	32,	32,	32,	32,
tile=	1989,	1696,	960,	32,	32,	32,	32,
tile=	1990,	1728,	960,	32,	32,	32,	32,
tile=	1991,	1760,	960,	32,	32,	32,	32,
tile=	1992,	1792,	960,	32,	32,	32,	32,
tile=	1993,	1824,	960,	32,	32,	32,	32,
tile=	1994,	1856,	960,	32,	32,	32,	32,
tile=	1995,	1888,	960,	32,	32,	32,	32,
tile=	1996,	1920,	960,	32,	32,	32,	32,
tile=	1997,	1952,	960,	32,	32,	32,	32,
tile=	1998,	1984,	960,	32,	32,	32,	32,
tile=	1999,	2016,	960,	32,	32,	32,	32,
tile=	2000,	0,	992,	32,	32,	32,	32,
tile=	2001,	32,	992,	32,	32,	32,	32,
tile=	2002,	64,	992,	32,	32,	32,	32,
tile=	2003,	96,	992,	32,	32,	32,	32,
tile=	2004,	128,	992,	32,	32,	32,	32,
tile=	2005,	160,	992,	32,	32,	32,	32,
tile=	2006,	192,	992,	32,	32,	32,	32,
tile=	2007,	224,	992,	32,	32,	32,	32,
tile=	2008,	256,	992,	32,	32,	32,	32,
tile=	2009,	288,	992,	32,	32,	32,	32,
tile=	2010,	320,	992,	32,	32,	32,	32,
tile=	2011,	352,	992,	32,	32,	32,	32,
tile=	2012,	384,	992,	32,	32,	32,	32,
tile=	2013,	416,	992,	32,	32,	32,	32,
tile=	2014,	448,	992,	32,	32,	32,	32,
tile=	2015,	480,	992,	32,	32,	32,	32,
tile=	2016,	512,	992,	32,	32,	32,	32,
tile=	2017,	544,	992,	32,	32,	32,	32,
tile=	2018,	576,	992,	32,	32,	32,	32,
tile=	2019,	608,	992,	32,	32,	32,	32,
tile=	2020,	640,	992,	32,	32,	32,	32,
tile=	2021,	672,	992,	32,	32,	32,	32,
animation=2021;672,992,550;768,992,550
tile=	2022,	704,	992,	32,	32,	32,	32,
animation=2022;704,992,550;800,992,550
tile=	2023,	736,	992,	32,	32,	32,	32,
animation=2023;736,992,550;832,992,550
tile=	2024,	768,	992,	32,	32,	32,	32,
tile=	2025,	800,	992,	32,	32,	32,	32,
tile=	2026,	832,	992,	32,	32,	32,	32,
tile=	2027,	864,	992,	32,	32,	32,	32,
tile=	2028,	896,	992,	32,	32,	32,	32,
tile=	2029,	928,	992,	32,	32,	32,	32,
tile=	2030,	960,	992,	32,	32,	32,	32,
tile=	2031,	992,	992,	32,	32,	32,	32,
tile=	2032,	1024,	992,	32,	32,	32,	32,
tile=	2033,	1056,	992,	32,	32,	32,	32,
tile=	2034,	1088,	992,	32,	32,	32,	32,
tile=	2035,	1120,	992,	32,	32,	32,	32,
tile=	2036,	1152,	992,	32,	32,	32,	32,
tile=	2037,	1184,	992,	32,	32,	32,	32,
tile=	2038,	1216,	992,	32,	32,	32,	32,
tile=	2039,	1248,	992,	32,	32,	32,	32,
tile=	2040,	1280,	992,	32,	32,	32,	32,
tile=	2041,	1312,	992,	32,	32,	32,	32,
tile=	2042,	1344,	992,	32,	32,	32,	32,
tile=	2043,	1376,	992,	32,	32,	32,	32,
tile=	2044,	1408,	992,	32,	32,	32,	32,
tile=	2045,	1440,	992,	32,	32,	32,	32,
tile=	2046,	1472,	992,	32,	32,	32,	32,
tile=	2047,	1504,	992,	32,	32,	32,	32,
tile=	2048,	1536,	992,	32,	32,	32,	32,
tile=	2049,	1568,	992,	32,	32,	32,	32,
tile=	2050,	1600,	992,	32,	32,	32,	32,
tile=	2051,	1632,	992,	32,	32,	32,	32,
tile=	2052,	1664,	992,	32,	32,	32,	32,
tile=	2053,	1696,	992,	32,	32,	32,	32,
tile=	2054,	1728,	992,	32,	32,	32,	32,
tile=	2055,	1760,	992,	32,	32,	32,	32,
tile=	2056,	1792,	992,	32,	32,	32,	32,
tile=	2057,	1824,	992,	32,	32,	32,	32,
tile=	2058,	1856,	992,	32,	32,	32,	32,
tile=	2059,	1888,	992,	32,	32,	32,	32,
tile=	2060,	1920,	992,	32,	32,	32,	32,
tile=	2061,	1952,	992,	32,	32,	32,	32,
tile=	2062,	1984,	992,	32,	32,	32,	32,
tile=	2063,	2016,	992,	32,	32,	32,	32,
tile=	2064,	0,	1024,	32,	32,	32,	32,
tile=	2065,	32,	1024,	32,	32,	32,	32,
tile=	2066,	64,	1024,	32,	32,	32,	32,
tile=	2067,	96,	1024,	32,	32,	32,	32,
tile=	2068,	128,	1024,	32,	32,	32,	32,
tile=	2069,	160,	1024,	32,	32,	32,	32,
tile=	2070,	192,	1024,	32,	32,	32,	32,
tile=	2071,	224,	1024,	32,	32,	32,	32,
tile=	2072,	256,	1024,	32,	32,	32,	32,
tile=	2073,	288,	1024,	32,	32,	32,	32,
tile=	2074,	320,	1024,	32,	32,	32,	32,
tile=	2075,	352,	1024,	32,	32,	32,	32,
tile=	2076,	384,	1024,	32,	32,	32,	32,
tile=	2077,	416,	1024,	32,	32,	32,	32,
tile=	2078,	448,	1024,	32,	32,	32,	32,
tile=	2079,	480,	1024,	32,	32,	32,	32,
tile=	2080,	512,	1024,	32,	32,	32,	32,
tile=	2081,	544,	1024,	32,	32,	32,	32,
tile=	2082,	576,	1024,	32,	32,	32,	32,
tile=	2083,	608,	1024,	32,	32,	32,	32,
tile=	2084,	640,	1024,	32,	32,	32,	32,
tile=	2085,	672,	1024,	32,	32,	32,	32,
animation=2085;672,1024,550;768,1024,550
tile=	2086,	704,	1024,	32,	32,	32,	32,
tile=	2087,	736,	1024,	32,	32,	32,	32,
animation=2087;736,1024,550;832,1024,550
tile=	2088,	768,	1024,	32,	32,	32,	32,
tile=	2089,	800,	1024,	32,	32,	32,	32,
tile=	2090,	832,	1024,	32,	32,	32,	32,
tile=	2091,	864,	1024,	32,	32,	32,	32,
tile=	2092,	896,	1024,	32,	32,	32,	32,
tile=	2093,	928,	1024,	32,	32,	32,	32,
tile=	2094,	960,	1024,	32,	32,	32,	32,
tile=	2095,	992,	1024,	32,	32,	32,	32,
tile=	2096,	1024,	1024,	32,	32,	32,	32,
tile=	2097,	1056,	1024,	32,	32,	32,	32,
tile=	2098,	1088,	1024,	32,	32,	32,	32,
tile=	2099,	1120,	1024,	32,	32,	32,	32,
tile=	2100,	1152,	1024,	32,	32,	32,	32,
tile=	2101,	1184,	1024,	32,	32,	32,	32,
tile=	2102,	1216,	1024,	32,	32,	32,	32,
tile=	2103,	1248,	1024,	32,	32,	32,	32,
tile=	2104,	1280,	1024,	32,	32,	32,	32,
tile=	2105,	1312,	1024,	32,	32,	32,	32,
tile=	2106,	1344,	1024,	32,	32,	32,	32,
tile=	2107,	1376,	1024,	32,	32,	32,	32,
tile=	2108,	1408,	1024,	32,	32,	32,	32,
tile=	2109,	1440,	1024,	32,	32,	32,	32,
tile=	2110,	1472,	1024,	32,	32,	32,	32,
tile=	2111,	1504,	1024,	32,	32,	32,	32,
tile=	2112,	1536,	1024,	32,	32,	32,	32,
tile=	2113,	1568,	1024,	32,	32,	32,	32,
tile=	2114,	1600,	1024,	32,	32,	32,	32,
tile=	2115,	1632,	1024,	32,	32,	32,	32,
tile=	2116,	1664,	1024,	32,	32,	32,	32,
tile=	2117,	1696,	1024,	32,	32,	32,	32,
tile=	2118,	1728,	1024,	32,	32,	32,	32,
tile=	2119,	1760,	1024,	32,	32,	32,	32,
tile=	2120,	1792,	1024,	32,	32,	32,	32,
tile=	2121,	1824,	1024,	32,	32,	32,	32,
tile=	2122,	1856,	1024,	32,	32,	32,	32,
tile=	2123,	1888,	1024,	32,	32,	32,	32,
tile=	2124,	1920,	1024,	32,	32,	32,	32,
tile=	2125,	1952,	1024,	32,	32,	32,	32,
tile=	2126,	1984,	1024,	32,	32,	32,	32,
tile=	2127,	2016,	1024,	32,	32,	32,	32,
tile=	2128,	0,	1056,	32,	32,	32,	32,
tile=	2129,	32,	1056,	32,	32,	32,	32,
tile=	2130,	64,	1056,	32,	32,	32,	32,
tile=	2131,	96,	1056,	32,	32,	32,	32,
tile=	2132,	128,	1056,	32,	32,	32,	32,
tile=	2133,	160,	1056,	32,	32,	32,	32,
tile=	2134,	192,	1056,	32,	32,	32,	32,
tile=	2135,	224,	1056,	32,	32,	32,	32,
tile=	2136,	256,	1056,	32,	32,	32,	32,
tile=	2137,	288,	1056,	32,	32,	32,	32,
tile=	2138,	320,	1056,	32,	32,	32,	32,
tile=	2139,	352,	1056,	32,	32,	32,	32,
tile=	2140,	384,	1056,	32,	32,	32,	32,
tile=	2141,	416,	1056,	32,	32,	32,	32,
tile=	2142,	448,	1056,	32,	32,	32,	32,
tile=	2143,	480,	1056,	32,	32,	32,	32,
tile=	2144,	512,	1056,	32,	32,	32,	32,
tile=	2145,	544,	1056,	32,	32,	32,	32,
tile=	2146,	576,	1056,	32,	32,	32,	32,
tile=	2147,	608,	1056,	32,	32,	32,	32,
tile=	2148,	640,	1056,	32,	32,	32,	32,
tile=	2149,	672,	1056,	32,	32,	32,	32,
animation=2149;672,1056,550;768,1056,550
tile=	2150,	704,	1056,	32,	32,	32,	32,
animation=2150;704,1056,550;800,1056,550
tile=	2151,	736,	1056,	32,	32,	32,	32,
animation=2151;736,1056,550;832,1056,550
tile=	2152,	768,	1056,	32,	32,	32,	32,
tile=	2153,	800,	1056,	32,	32,	32,	32,
tile=	2154,	832,	1056,	32,	32,	32,	32,
tile=	2155,	864,	1056,	32,	32,	32,	32,
tile=	2156,	896,	1056,	32,	32,	32,	32,
tile=	2157,	928,	1056,	32,	32,	32,	32,
tile=	2158,	960,	1056,	32,	32,	32,	32,
tile=	2159,	992,	1056,	32,	32,	32,	32,
tile=	2160,	1024,	1056,	32,	32,	32,	32,
tile=	2161,	1056,	1056,	32,	32,	32,	32,
tile=	2162,	1088,	1056,	32,	32,	32,	32,
tile=	2163,	1120,	1056,	32,	32,	32,	32,
tile=	2164,	1152,	1056,	32,	32,	32,	32,
tile=	2165,	1184,	1056,	32,	32,	32,	32,
tile=	2166,	1216,	1056,	32,	32,	32,	32,
tile=	2167,	1248,	1056,	32,	32,	32,	32,
tile=	2168,	1280,	1056,	32,	32,	32,	32,
tile=	2169,	1312,	1056,	32,	32,	32,	32,
tile=	2170,	1344,	1056,	32,	32,	32,	32,
tile=	2171,	1376,	1056,	32,	32,	32,	32,
tile=	2172,	1408,	1056,	32,	32,	32,	32,
tile=	2173,	1440,	1056,	32,	32,	32,	32,
tile=	2174,	1472,	1056,	32,	32,	32,	32,
tile=	2175,	1504,	1056,	32,	32,	32,	32,
tile=	2176,	1536,	1056,	32,	32,	32,	32,
tile=	2177,	1568,	1056,	32,	32,	32,	32,
tile=	2178,	1600,	1056,	32,	32,	32,	32,
tile=	2179,	1632,	1056,	32,	32,	32,	32,
tile=	2180,	1664,	1056,	32,	32,	32,	32,
tile=	2181,	1696,	1056,	32,	32,	32,	32,
tile=	2182,	1728,	1056,	32,	32,	32,	32,
tile=	2183,	1760,	1056,	32,	32,	32,	32,
tile=	2184,	1792,	1056,	32,	32,	32,	32,
tile=	2185,	1824,	1056,	32,	32,	32,	32,
tile=	2186,	1856,	1056,	32,	32,	32,	32,
tile=	2187,	1888,	1056,	32,	32,	32,	32,
tile=	2188,	1920,	1056,	32,	32,	32,	32,
tile=	2189,	1952,	1056,	32,	32,	32,	32,
tile=	2190,	1984,	1056,	32,	32,	32,	32,
tile=	2191,	2016,	1056,	32,	32,	32,	32,
tile=	2192,	0,	1088,	32,	32,	32,	32,
tile=	2193,	32,	1088,	32,	32,	32,	32,
tile=	2194,	64,	1088,	32,	32,	32,	32,
tile=	2195,	96,	1088,	32,	32,	32,	32,
tile=	2196,	128,	1088,	32,	32,	32,	32,
tile=	2197,	160,	1088,	32,	32,	32,	32,
tile=	2198,	192,	1088,	32,	32,	32,	32,
tile=	2199,	224,	1088,	32,	32,	32,	32,
tile=	2200,	256,	1088,	32,	32,	32,	32,
tile=	2201,	288,	1088,	32,	32,	32,	32,
tile=	2202,	320,	1088,	32,	32,	32,	32,
tile=	2203,	352,	1088,	32,	32,	32,	32,
tile=	2204,	384,	1088,	32,	32,	32,	32,
tile=	2205,	416,	1088,	32,	32,	32,	32,
tile=	2206,	448,	1088,	32,	32,	32,	32,
tile=	2207,	480,	1088,	32,	32,	32,	32,
tile=	2208,	512,	1088,	32,	32,	32,	32,
tile=	2209,	544,	1088,	32,	32,	32,	32,
tile=	2210,	576,	1088,	32,	32,	32,	32,
tile=	2211,	608,	1088,	32,	32,	32,	32,
tile=	2212,	640,	1088,	32,	32,	32,	32,
tile=	2213,	672,	1088,	32,	32,	32,	32,
tile=	2214,	704,	1088,	32,	32,	32,	32,
tile=	2215,	736,	1088,	32,	32,	32,	32,
tile=	2216,	768,	1088,	32,	32,	32,	32,
tile=	2217,	800,	1088,	32,	32,	32,	32,
tile=	2218,	832,	1088,	32,	32,	32,	32,
tile=	2219,	864,	1088,	32,	32,	32,	32,
tile=	2220,	896,	1088,	32,	32,	32,	32,
tile=	2221,	928,	1088,	32,	32,	32,	32,
tile=	2222,	960,	1088,	32,	32,	32,	32,
tile=	2223,	992,	1088,	32,	32,	32,	32,
tile=	2224,	1024,	1088,	32,	32,	32,	32,
tile=	2225,	1056,	1088,	32,	32,	32,	32,
tile=	2226,	1088,	1088,	32,	32,	32,	32,
tile=	2227,	1120,	1088,	32,	32,	32,	32,
tile=	2228,	1152,	1088,	32,	32,	32,	32,
tile=	2229,	1184,	1088,	32,	32,	32,	32,
tile=	2230,	1216,	1088,	32,	32,	32,	32,
tile=	2231,	1248,	1088,	32,	32,	32,	32,
tile=	2232,	1280,	1088,	32,	32,	32,	32,
tile=	2233,	1312,	1088,	32,	32,	32,	32,
tile=	2234,	1344,	1088,	32,	32,	32,	32,
tile=	2235,	1376,	1088,	32,	32,	32,	32,
tile=	2236,	1408,	1088,	32,	32,	32,	32,
tile=	2237,	1440,	1088,	32,	32,	32,	32,
tile=	2238,	1472,	1088,	32,	32,	32,	32,
tile=	2239,	1504,	1088,	32,	32,	32,	32,
tile=	2240,	1536,	1088,	32,	32,	32,	32,
tile=	2241,	1568,	1088,	32,	32,	32,	32,
tile=	2242,	1600,	1088,	32,	32,	32,	32,
tile=	2243,	1632,	1088,	32,	32,	32,	32,
tile=	2244,	1664,	1088,	32,	32,	32,	32,
tile=	2245,	1696,	1088,	32,	32,	32,	32,
tile=	2246,	1728,	1088,	32,	32,	32,	32,
tile=	2247,	1760,	1088,	32,	32,	32,	32,
tile=	2248,	1792,	1088,	32,	32,	32,	32,
tile=	2249,	1824,	1088,	32,	32,	32,	32,
tile=	2250,	1856,	1088,	32,	32,	32,	32,
tile=	2251,	1888,	1088,	32,	32,	32,	32,
tile=	2252,	1920,	1088,	32,	32,	32,	32,
tile=	2253,	1952,	1088,	32,	32,	32,	32,
tile=	2254,	1984,	1088,	32,	32,	32,	32,
tile=	2255,	2016,	1088,	32,	32,	32,	32,
tile=	2256,	0,	1120,	32,	32,	32,	32,
tile=	2257,	32,	1120,	32,	32,	32,	32,
tile=	2258,	64,	1120,	32,	32,	32,	32,
tile=	2259,	96,	1120,	32,	32,	32,	32,
tile=	2260,	128,	1120,	32,	32,	32,	32,
tile=	2261,	160,	1120,	32,	32,	32,	32,
tile=	2262,	192,	1120,	32,	32,	32,	32,
tile=	2263,	224,	1120,	32,	32,	32,	32,
tile=	2264,	256,	1120,	32,	32,	32,	32,
tile=	2265,	288,	992,	96,	160,	32,	160,
animation=2265;288,992,550;384,992,550;480,992,550;576,992,550
tile=	2266,	320,	1120,	32,	32,	32,	32,
tile=	2267,	352,	1120,	32,	32,	32,	32,
tile=	2268,	384,	1120,	32,	32,	32,	32,
tile=	2269,	416,	1120,	32,	32,	32,	32,
tile=	2270,	448,	1120,	32,	32,	32,	32,
tile=	2271,	480,	1120,	32,	32,	32,	32,
tile=	2272,	512,	1120,	32,	32,	32,	32,
tile=	2273,	544,	1120,	32,	32,	32,	32,
tile=	2274,	576,	1120,	32,	32,	32,	32,
tile=	2275,	608,	1120,	32,	32,	32,	32,
tile=	2276,	640,	1120,	32,	32,	32,	32,
tile=	2277,	672,	1120,	32,	32,	32,	32,
tile=	2278,	704,	1120,	32,	32,	32,	32,
tile=	2279,	736,	1120,	32,	32,	32,	32,
tile=	2280,	768,	1120,	32,	32,	32,	32,
tile=	2281,	800,	1120,	32,	32,	32,	32,
tile=	2282,	832,	1120,	32,	32,	32,	32,
tile=	2283,	864,	1120,	32,	32,	32,	32,
tile=	2284,	896,	1120,	32,	32,	32,	32,
tile=	2285,	928,	1120,	32,	32,	32,	32,
tile=	2286,	960,	1120,	32,	32,	32,	32,
tile=	2287,	992,	1120,	32,	32,	32,	32,
tile=	2288,	1024,	1120,	32,	32,	32,	32,
tile=	2289,	1056,	1120,	32,	32,	32,	32,
tile=	2290,	1088,	1120,	32,	32,	32,	32,
tile=	2291,	1120,	1120,	32,	32,	32,	32,
tile=	2292,	1152,	1120,	32,	32,	32,	32,
tile=	2293,	1184,	1120,	32,	32,	32,	32,
tile=	2294,	1216,	1120,	32,	32,	32,	32,
tile=	2295,	1248,	1120,	32,	32,	32,	32,
tile=	2296,	1280,	1120,	32,	32,	32,	32,
tile=	2297,	1312,	1120,	32,	32,	32,	32,
tile=	2298,	1344,	1120,	32,	32,	32,	32,
tile=	2299,	1376,	1120,	32,	32,	32,	32,
tile=	2300,	1408,	1120,	32,	32,	32,	32,
tile=	2301,	1440,	1120,	32,	32,	32,	32,
tile=	2302,	1472,	1120,	32,	32,	32,	32,
tile=	2303,	1504,	1120,	32,	32,	32,	32,
tile=	2304,	1536,	1120,	32,	32,	32,	32,
tile=	2305,	1568,	1120,	32,	32,	32,	32,
tile=	2306,	1600,	1120,	32,	32,	32,	32,
tile=	2307,	1632,	1120,	32,	32,	32,	32,
tile=	2308,	1664,	1120,	32,	32,	32,	32,
tile=	2309,	1696,	1120,	32,	32,	32,	32,
tile=	2310,	1728,	1120,	32,	32,	32,	32,
tile=	2311,	1760,	1120,	32,	32,	32,	32,
tile=	2312,	1792,	1120,	32,	32,	32,	32,
tile=	2313,	1824,	1120,	32,	32,	32,	32,
tile=	2314,	1856,	1120,	32,	32,	32,	32,
tile=	2315,	1888,	1120,	32,	32,	32,	32,
tile=	2316,	1920,	1120,	32,	32,	32,	32,
tile=	2317,	1952,	1120,	32,	32,	32,	32,
tile=	2318,	1984,	1120,	32,	32,	32,	32,
tile=	2319,	2016,	1120,	32,	32,	32,	32,
